-1.26368377290971
-0.723865502669163
1.61597057441705
4.30680522899608
6.09075102695979
6.44713035416444
6.8426872684393
6.57718792421297
6.10084320063874
4.92323307810648
3.69972101473489
3.25753188242681
3.36756814840308
4.51706384259346
5.79888681569888
6.20720930208356
6.36460915458158
6.27316172132344
-1.95284958625965
-9.41620230599021
-16.4245106010508
-27.0973050016303
-41.0791363582594
-72.0555698412097
-117.182824628876
-155.521517450833
-169.792029642174
-172.039825922156
-174.50566238248
-176.698496572488
-178.032960819598
-179.558345339765
179.705761245974
179.172072945293
179.271873556402
14.4279784489848
12.2564982181353
15.3235255254927
18.4711594656906
17.5336357963075
15.2619915622458
14.2169598208259
12.3257246571377
9.73052369949955
7.19282320643735
4.91290957537621
4.72263605650728
4.10673163054197
3.06407530029016
1.6865084085971
0.140223199448668
-1.45507686852752
-2.65969237217164
-3.87619023144272
-3.1586335294735
-0.779768050976422
1.88028090361719
4.53359585193977
4.88080138381043
5.34847072503114
5.03563262314667
4.35102331876041
3.15410876530907
2.26513026876611
2.07284500439601
2.60782046908096
4.85855553391368
6.18795104214183
6.56140776677256
8.04606004229546
1.65125663620403
-6.87532424131804
-15.8235373274963
-29.2452199446867
-55.2717650793367
-98.1049581247297
-137.750460795351
-159.531322426425
-170.056443447384
-173.231866915408
-177.015554638724
-178.483675326625
179.931716790207
178.655329477533
178.139171860041
176.171896447147
94.200155606361
10.7828319355149
12.903222845563
16.5628260311871
14.5646140460916
12.4362300645045
11.1342846655995
8.89587318823178
6.3363582485548
3.71961432026739
1.49622613573613
0.677697670687274
0.217598506024179
-1.91681532961422
-3.78330590593795
-5.45497958838945
-6.6916238119999
-7.53260923422511
-8.13621384501928
-8.58970649613383
-9.14994295450845
-7.91807661962653
-5.04375567017719
-2.2418275627748
0.105557772705437
0.863891187232751
1.5706754229248
1.61736592590406
1.41941896194792
0.79364414763064
0.263582703407398
0.318926163055184
1.42311966115601
4.63256093544614
6.4838117637696
6.88192829076154
8.31958421904167
4.88055260366509
-3.68787433761802
-11.3691991621965
-19.9040243397649
-31.7005192721956
-56.8174787684171
-100.911076405537
-145.536739360363
-164.43017401692
-169.333473538074
-170.789495139822
-173.418294639768
-175.327609646712
-176.856308033808
-179.012799479588
176.689256435821
100.566913698069
15.1578430359104
26.4679657524186
18.4264998404181
14.4636366268072
12.795171223188
11.1064481512174
9.50715039739969
7.35868154206879
4.50697265812145
1.69147799181055
-0.729463207544228
-2.36459210149115
-4.94349324320753
-7.36125056157049
-8.88846275007998
-9.85043822196775
-10.4977814366433
-11.0415751825685
-11.4731400246175
-10.0624077987555
-6.94070307443032
-4.1918598893728
-2.23093895262901
-1.29319216586004
-0.641556972350203
-0.57308901500698
-0.713915281333379
-1.4456771773569
-2.0479094767384
-2.12402581465756
-0.891960855378655
2.71066452065704
8.28893492738876
11.8257957407083
12.5970878393254
15.1665910309287
19.3813746729132
10.9929448916546
3.67377296727101
0.467326499045422
-6.75631651333141
-15.718739611438
-32.5083510203774
-78.4653603272699
-137.234970912475
-155.375736191492
-156.42799591451
-158.194108991816
-159.43806323871
-161.986528449957
-166.098358421299
-175.32372648731
105.263428068963
17.6166433240053
13.3493445185505
13.0822819984011
10.8603222275476
8.55751894221677
8.01252545523057
6.9731811834441
5.34102438074883
4.29304178161103
1.86855910232591
-0.0800380916018349
-2.18976782641932
-4.85569545863456
-7.2082283130537
-9.31348672780834
-11.3923078877031
-12.630941628861
-13.5589738678415
-12.140679707267
-9.09568144818713
-5.98088051616532
-4.46419981362165
-3.34702029058487
-2.34698648884798
-1.50880281272814
-1.05351101648216
-1.26874892149465
-1.46607397113704
-1.1186707555235
0.690967474966228
4.21472594974825
9.22986096170173
14.3555734097616
16.3786961212447
15.7821844533458
19.624242232303
24.9079943481835
21.9449642759482
13.3708691331613
5.67905666558226
-2.78181159584784
-8.62064158521734
-15.5323083206371
-34.8189864101014
-81.7463904156613
-126.596929863341
-139.834161543024
-137.629905664656
-140.55547802691
-145.51021206036
-153.111536003647
177.835375016058
32.6039597988024
7.47322093048477
0.0963604099767049
4.21069267823056
4.38436026027329
0.977717211392177
-0.684744712860112
-1.99590757540036
-3.47697283146939
-5.03355814007251
-5.43368349867545
-5.63330598913199
-5.31311697602148
-4.62145740536532
-4.16389329656735
-3.50173964588363
-2.85535107499065
-2.10918083786836
-2.92214884939681
-1.96316484956491
-0.037592669960068
3.16004246138737
7.5284330732022
7.25088632767474
4.62813530693135
1.029099904886
-2.80090235907181
-6.65620637564078
-9.18104168691569
-9.48378736349552
-10.8871947899846
-12.3728032936507
-15.8503757002585
-19.7203469774268
-31.6757092332624
-47.2639757723734
-69.0483403058581
-101.787107680594
-132.941173052629
-152.034893767081
-170.896244129039
177.396036227482
169.070978368719
164.99726800132
161.796178285454
159.737641149371
157.724695590226
157.16462120918
158.392174782317
157.696585676149
76.8012153310927
32.8176067611248
28.3146463644061
22.2204098146988
15.8254823853441
9.2644253682536
3.95445170869513
-0.530213022743793
-3.65114480997543
-6.83118871994461
-10.018124802255
-12.4081760913138
-14.544222622691
-15.9480356377285
-17.6083558752398
-18.9493600788745
-20.3696697140813
-22.0396383325782
-23.3189112349177
-24.2643972588432
-24.7074387086598
-24.0499529705949
-20.9510353524061
-18.7289972777825
-16.9324835493183
-16.3884631640684
-15.9061806324474
-16.1810433133633
-16.9395144880531
-18.4558486304005
-19.97107684808
-20.8110356748939
-19.8253654382437
-16.7607228131572
-11.0278907465292
-5.50530160168078
-4.00418255513313
-3.11720084648294
2.82463464507516
7.27239399994505
3.68967048834753
-5.02234652504446
-10.9515954324585
-17.6426441510745
-29.6727700062375
-57.7450368744343
-121.70306651397
-156.353796002368
-167.583910335689
-168.388002948315
-169.817043343843
-172.674302575831
-176.869901692394
175.830159304317
127.525179993059
16.8423413717268
-7.8561093509895
0.774363270137949
-2.68605450919027
-13.1167222101823
-17.2309024778496
-17.1442085255657
-15.416164817871
-13.3769565735256
-12.0647610938267
-11.9868187686159
-13.4919724682664
-15.3502816878298
-16.9749909809043
-18.9285484161707
-20.7433629183019
-22.9592144317449
-25.0086407566959
-26.1622563845509
-25.7528924274458
-22.8731255243581
-20.4031562506361
-18.8550508852544
-18.8991549571065
-18.8851955538304
-19.2760984050957
-20.1750483653001
-21.5148496370056
-22.7738043410993
-23.2608160348533
-22.4403504306466
-19.7888418773811
-15.8992263454134
-11.5997336549626
-9.01114554461127
-7.9227598875328
-7.05927317885917
-5.54098276643497
-4.79409465258224
-7.4317950108649
-13.625031690316
-20.2794655874918
-24.6203706543615
-28.9477073167165
-34.1336146958954
-41.0237580709381
-56.8360496931865
-95.1585995275877
-146.386838822889
-167.380145155516
-168.013240369134
-177.23215925648
177.319507703085
176.240061285592
174.571932379687
167.081885573124
142.382463033617
99.5136007580537
115.821135051529
105.850171724084
47.7351005087074
25.9588414105143
24.9522368613267
26.2047367173354
26.0243338858181
21.434422565735
16.522756140716
10.7936628322945
6.15611225372132
2.7268519054236
0.877765546493944
-0.0995723744717035
-0.652862550674709
-0.848228208197609
-0.388981158042862
-0.0308777924174867
2.46729482256482
6.5265725086289
11.8393940324069
19.2655812811957
29.5945835156279
43.1815834988416
57.924646596628