58.06924446872308
52.0086067479264
45.94796902712972
39.88733130633305
33.826693585536376
27.766055864739695
21.70541814394302
15.644780423146344
9.584142702349666
3.523504981552989
-2.537132739243688
-8.597770460040358
-14.658408180837036
-20.719045901633713
-26.77968362243039
-32.84032134322707
-38.90095906402367
-43.901569197095625
-48.65711864537882
-48.722695119294954
-48.804009396954946
-48.65090113265203
-48.562265946154355
-48.52441263535782
-48.51597788310346
-48.509339169610556
-48.501113499085584
-48.520988275029325
-48.59356503161435
-48.68002697006044
-48.89237252150326
-49.27189877005753
-49.78485047855819
-50.36430647676757
-50.98450124725919
-51.493012872397344
-51.79185289080255
-51.78033335797178
-51.47383052477313
-50.83785345569477
-49.742882468682666
-47.57957684688664
-43.6866754306936
-39.00201381137975
-34.011144289902724
-28.984388594061805
-23.961100881810125
-18.969675621228436
-13.993651163422697
-8.984325712337244
-3.8697234359972303
1.104659576364353
1.3520973647027703
1.5477000646380825
1.4307126014372193
1.1314710449786483
0.5805201279745724
-0.1404233647140633
-1.125339871753905
-2.810759817018194
-6.172429983344749
-10.701974080500923
-15.484134134263494
-20.329383991918334
-25.16808319341107
-29.96009907121682
-34.74994507768233
-39.52040165086392
-44.233520643185706
-48.819258200881755
-52.93472153974182
-52.1846833222636
-51.88971085244448
-51.4520554992721
-51.03565725164057
-50.69024231652787
-50.402725392523145
-50.14130281189696
-49.908757056034744
-49.701762265912215
-49.5350007283345
-49.42307413309982
-49.444135475029356
-49.69070832738127
-50.14760029152782
-50.71738981360521
-51.36590072946639
-52.05177603623283
-52.56497051257226
-52.83231293958086
-52.87583486188645
-52.544556611712146
-51.31273696216696
-48.20044544933746
-43.75614016054735
-38.96083245556666
-33.959805695627935
-28.836175093182806
-23.648563457299044
-18.396973331423613
-13.103608863824439
-7.7867193006568405
-2.495358486250269
2.4044616699122097
2.427671349865899
2.784013587975168
2.869016160534616
2.846611600308795
2.8068671156879454
2.770425397528556
2.7923978249302808
2.9702643054419755
3.747468012630536
4.524671719819093
5.30187542700765
6.079079134196206
6.856282841384763
7.633486548573318
8.410690255761876
9.187893962950431
9.96509767013899
10.742301377327545
11.519505084516103
12.296708791704658
13.073912498893216
13.851116206081771
14.62831991327033
15.405523620458885
