0.595349234438484
0.43109331748066804
0.26683740052285204
0.10258148356503605
-0.06167443339277989
-0.22593035035059583
-0.3901862673084119
-0.5544421842662278
-0.7186981012240438
-0.8829540181818597
-1.0472099351396749
-2.769053424394137
-6.148060613826304
-11.683516558331846
-19.12883684551789
-27.198670070806998
-35.49028638958443
-44.00318194124377
-52.52358136467443
-43.87091735306855
-35.155030767703224
-26.44424066682756
-17.80067579133358
-9.705276895154544
-7.856480059095279
-6.740644392646015
-6.009281297397916
-5.6739765430445495
-5.46038576922385
-4.90440352511037
-4.016220309912736
-2.722212682219734
-0.7259817579539103
2.8055408652112153
8.29941469725444
15.557726191555947
23.309987680356798
31.243628943482136
39.353801478685085
47.48929700338492
38.50024333920308
29.49283745652412
20.516872585030814
11.556498567918926
3.109840415063491
0.8829394457944806
-0.629480676496869
-1.6753620802818938
-2.4033483203156134
-2.873927624308253
-3.139408698936976
-3.1454168709798966
-2.870275742986334
-2.271835945104825
-1.2814566840302097
0.19410439061636042
2.19862442006472
4.57811444474731
6.918726455231308
8.69235845225601
10.675941217515463
12.757698257359696
15.199983971003585
17.327394728723736
19.0370349078505
20.189565019557655
20.547533540947363
19.65938631933233
16.77214202150629
12.889605088773404
8.935612578701445
4.628827470516091
-0.06815308131128717
-4.894476516450215
-11.980300324014493
-19.06612413157879
-26.1519479391431
-33.237771746707395
-40.323595554271705
-47.409419361836
-54.4952431694003
-61.58106697696461
-68.6668907845289
-75.75271459209321
