-1.3669862243945
-1.57301947630177
-0.273507761048612
0.270462643993962
0.935345074446258
0.88829810672925
0.857204906382951
-0.477091023202137
-2.22050585850831
-3.67789700354881
-4.18747997610698
-3.72158496703489
-2.27093436756567
0.4662136025784
2.69201824087022
3.99665900688599
8.63268467404203
8.86781236618678
-0.254977788546186
-9.35698238231506
-20.2171404314761
-37.5256994987382
-72.5321704543773
-116.518082595665
-156.081263386913
-168.531152656625
-173.235644587597
-177.913601678463
-179.405478915246
179.485438385215
179.355721289123
178.739112142282
177.793277418339
167.732442452194
39.2909471598231
26.1245672363047
19.355284007096
15.6740845154628
13.3532186164214
11.4206493378369
9.29486513683522
6.95701975007707
4.39514991084411
1.62980463209027
-1.14673212275727
-3.65672200658134
-5.73366139180713
-6.62917806196486
-7.59997843920123
-8.56007289654921
-9.28468856260344
-9.79980224713549
-9.75615015907732
-10.3745769410108
-9.64737875777016
-7.47397319482612
-5.63625533181365
-2.60822547238953
0.386373474754677
3.47105323257597
5.84554677063373
9.16869352393387
12.7349834379419
16.9623856663558
22.4277691146572
29.8400504448207
38.4381986118342
44.2356291265273
42.5236741581991
29.6462934983175
33.0951651738993
34.4322092741255
41.4881977393862
34.9194757530458
25.5278668206513
14.55575358808
0.043365754357858
-24.2873469857293
-63.2403557267364
-81.146902112636
-79.5627894789352
-84.5969405012587
-89.4678980644411
-88.6178086999756