-1.10156849893317
-2.39893274432897
-1.34940226711327
0.751169443502021
3.58756591243852
5.21096879803399
6.45698137047595
6.54676715573862
5.51620505180937
4.2184106645287
2.94809198780614
1.97935842805399
1.46982035080219
2.8630522862018
6.13979359354534
7.26963139586566
7.21891740411941
6.72812618873657
2.99519160705971
-4.70619495210189
-13.7193183265602
-19.1947638930187
-26.1830551669561
-40.0045218154505
-65.0889709721239
-109.900634874676
-152.715428931858
-164.418335674945
-171.954186593335
-175.523140001615
-178.25379586197
179.715806724109
177.577882658363
176.266307640871
174.338166462552
167.854663280192
48.5953105532938
33.4291920413233
24.2434699410323
13.3990121896859
10.9158668915819
8.75968559077278
8.40171338338417
8.53438634061379
6.8640865880635
4.26185305421377
1.70155541156816
-0.238251026952216
-2.11420248891393
-4.74159216210729
-6.36509676281115
-8.50896902648336
-10.5672404337208
-11.2214318573514
-12.2400620214454
-11.599234907593
-9.1138747216387
-6.19126897277283
-3.65050508395871
-2.03129439206175
-0.738761896603268
-0.257867589610518
-0.853999946139123
-1.4484987859757
-1.69121283338521
-1.35678336001725
0.0106773683645261
2.76801444672897
6.15713578790085
7.92664260715985
8.77686237365319
10.5858544041994
12.4102118724985
11.4436916799055
4.4302775759627
-4.10618161441817
-11.5082448304155
-16.3718371158814
-18.8765585331315
-22.876860028089
-32.0302598025657
-49.8669268160996
-78.102605647689
-103.16389178403
-124.1486670057
-141.883489016574
-142.048870829558
-146.202985860291
-142.995485647341