-5.040311059709618
-4.432259652840353
-3.8242082459710875
-3.216156839101822
-2.608105432232557
-2.000054025363292
-1.3920026184940264
-0.7839512116247613
-0.17589980475549627
0.4321516021137688
1.0402030089830339
1.648254415852299
2.256305822721565
2.86435722959083
3.472408636460095
4.08046004332936
4.688511450198625
5.29656285706789
5.904614263937155
6.51266567080642
7.120717077675685
7.7287684845449505
8.336819891414216
8.94487129828348
9.552922705152747
10.160974112022013
10.769025518891278
11.377076925760543
11.985128332629808
12.593179739499073
13.201231146368338
13.809282553237603
14.417333960106868
15.025385366976133
15.633436773845398
16.24148818071466
16.849539587583926
17.45759099445319
18.065642401322457
18.67369380819172
19.281745215060987
19.88979662193025
20.497848028799517
21.105899435668782
21.713950842538047
22.322002249407312
22.930053656276577
23.538105063145842
24.146156470015114
24.75420787688438
25.362259283753644
25.97031069062291
26.578362097492175
27.18641350436144
27.794464911230705
28.40251631809997
29.010567724969235
29.6186191318385
30.226670538707765
30.83472194557703
31.442773352446295
32.05082475931556
32.658876166184825
33.26692757305409
33.874978979923355
34.48303038679262
35.091081793661886
35.69913320053115
36.307184607400416
36.91523601426968
37.523287421138946
38.13133882800821
38.739390234877476
39.34744164174674
39.955493048616006
40.563544455485264
41.59157913766316
42.66929705667678
43.793567871940375
44.959043277549156
43.77166421892012
42.61095974573774
41.474737223163125
40.357443636825074
39.24655404340586
38.12316777708588
36.98286818047146
35.834023684122215
34.68797694037222
33.542892862094725
32.39518794694249
31.24133122975778
30.06825514120242
28.90036082981571
27.7627943450896
26.651764012363653
25.562029666800367
24.502192567339183
23.513986615305214
22.758291458852366
22.473511464726492
22.369280406382682
22.32032038769643
22.26966188032607
24.59376129050012
26.901436584026328
29.176716095229423
28.937111210687444
28.26063761170093
27.374861397562725
26.51274742716791
25.982320787585646
25.63749372840331
25.358081161295956
25.08935603778065
24.809762302161452
24.511042415484894
24.159616492393962
23.665945707628197
22.814669736469767
21.790403779471056
20.67011754238879
19.472803816046756
18.216396365556673
16.91183062860514
15.566347220243205
14.188216935170063
12.782891599632112
11.363570115249212
9.951725105701803
8.579091227139813
7.23979663137678
5.932402694976804
4.655670388967025
3.4067790244734635
2.182940505397526
0.9764811787519447
-0.2227045866918177
-1.4327791939265022
-2.6572580718835113
-3.8888402151663435
-5.121103057394229
-6.356061259285681
-7.596516623780614
-8.839261877840313
-10.091131068709384
-11.336232163923597
-12.555971756269297
-13.750114664682274
-14.922939267361581
-16.064735303081427
-17.140653947775625
-18.009450454638536
-18.376908728840004
-18.53996245002407
-18.643357500084704
-18.747742810601963
-18.862344419924526
-18.99408158620776
-19.15792745010137
-19.469270261930973
-17.88349716305261
-16.45646302594657
-14.959145026572948
-15.5286015133693
-15.947221825558568
-16.306551454270807
-16.651937596643858
-17.00468247241472
-17.375156985543995
-17.804699526944283
-18.406692038717463
-19.348800915569484
-20.444570267632095
-21.624994411849567
-22.86680735287521
-24.149124951434555
-25.465758997924343
-26.812885586084164
-28.18131526590991
-29.56734813565511
-30.962681186165103
-32.35550378577478
-33.71841887829821
-35.05393032917479
-36.357267134818045
-37.62961719298037
-38.8753415764957
-40.09667262650488
-41.300454173695
-42.49617566557843
-43.700367505667494
-44.91509475128448
-46.134488848281855
-47.350355013674516
-48.56693959199764
-49.78745922174311
-51.01024798952046
-52.24212815706932
-53.46882715532084
-54.66996616370136
-55.84449139647246
-56.99771092465267
-58.11900182430321
-59.173760179044415
-60.04126893681788
-60.44126996885196
-60.60876884869534
-60.71073362090808
-60.8140725465519
-60.92905916592185
-61.05733799959244
-61.221078917554976
-61.51497874808345
-59.83804814961379
-58.375209810895264
-56.91925437542477
-55.15123797753236
-55.53791347324333
-55.83311061757023
-56.112815766554704
-56.40323266970869
-56.71223486431432
-57.06695865529489
-57.529517347497766
-58.39285150066447
-59.436138217139764
-60.62388002853389
-61.91695958049269
-63.28774084984345
-64.71947592041818
-63.81027897048365
-62.93359583721795
-62.08199262699622
-61.24153621176099
-60.39066413060316
-59.49472332631839
-58.556609454549644
-57.57614956159935
-56.56022071122333
-55.511736223149065
-54.433441912821756
-53.333864837916096
-52.22196456429166
-51.11324940813441
-50.00985198895823
-48.9048863829705
-47.791940549541266
-46.67149023210479
-45.5468447601935
-44.417071276421424
-43.290830942518404
-42.15406106343512
-40.993423915921795
-39.80964399147592
-40.99184742486576
-42.14476256271376
-43.239093357272026
-44.17032022223658
-44.623932227283916
-44.81009384285699
-44.917869566766214
-45.02218901913525
-45.13453298893234
-45.255823829022
-45.39770886777918
-45.630453774081666
-46.27162453395723
-47.18561724875095
-48.0607492289482
-48.61484930012588
-46.638803174831374
-44.606479979554706
-42.559137832469744
-40.51530771142651
-38.483804051784425
-36.49505988406338
-34.6625301261299
-33.23145767227375
-31.937114615433575
-30.738304663063715
-29.610052577503865
-28.52774105172724
-27.483561564300665
-26.47154997473156
-25.48403731094019
-24.516613851535723
-23.559039238117823
-22.59355386962122
-21.58951769247118
-20.554536224707114
-19.490781261410085
-18.397787901595333
-17.278304658465565
-16.136131832357105
-14.978139971889009
-13.813202075610304
-12.658157902637406
-11.515297389551641
-10.37582933330737
-9.234142912667975
-8.091570030452786
-6.949745869126238
-5.807356495875832
-4.671254773304247
-3.5274668303095256
-2.359884706947977
-1.1688420404892896
0.04011009091165074
1.2765306430605339
2.568828068631238
4.038787557128998
3.653853402393269
3.4913336042448897
3.391412920715651
3.2930705875569806
3.1873297358467205
3.0718800076292436
2.939036944764611
2.7192880046752315
1.994573585238174
1.0301237881569227
0.15547762089583153
-0.40682443254737566
-0.8343164607290658
-1.2055962824717805
-1.5664591743332863
-1.9363892669356444
-2.3228907150886413
-2.7592845886781516
-3.3448326117652396
-1.8802205911362573
-0.5903250298687871
0.6044040671927224
1.7294766749697754
2.807121283465922
3.8424682914146064
4.841631092366617
5.815071249195529
6.768972691046197
7.715444173800208
8.67058497978466
9.667525794152773
10.69998317701593
11.76750166848872
12.868708851153594
13.999897857201468
15.159297980561481
16.337666490844814
17.525959561638174
18.70847109745348
19.88349085082073
21.057923543797582
22.23540585710836
23.411993103210634
24.584246006247362
25.752962388485106
26.9112935457494
28.071524265760935
29.253417269792063
30.456856024944045
31.674463189013576
32.91393017712117
34.20334561358908
35.647371678969904
35.1556381474573
34.922505591962825
34.764735500786436
34.6109920907455
34.44847943767836
34.27502556590206
34.06884112017769
33.75574173200807
32.961321218537535
31.93554876922359
30.92538979205352
30.277523593352157
29.772173984271923
29.356582144082154
28.96821909328748
28.578153580989515
28.174285341657665
27.72007333639361
27.086201378027056
28.51572753196631
29.767159008840686
30.907962863867397
31.96816083440329
32.969916796174175
33.92119585747388
34.83383347114978
35.71704023822114
36.577004618321894
37.42830620385506
38.287727582317835
39.1936092104732
40.14466276024111
41.13840530463773
42.16922183818702
43.230568105714696
44.31930004805776
45.426546261238975
46.54376823486786
47.65601359919404
48.759644477277305
49.86221803611826
50.96889290546286
52.07730596481643
53.18349602987769
54.28855609823182
55.38590549674876
56.48386572631808
57.59972429002242
58.739496963074096
59.89530601356357
61.07819755472075
62.30824551130961
63.660711641353416
65.4629290449468
67.59422703383245
69.81063409002425
72.03487482596444
71.87138120165719
71.70007372451745
71.51106189855525
71.23384864951946
70.50432990352115
69.49823722692294
68.55770454789878
67.9874882463903
67.52995008369143
67.1262741395339
66.72730731657134
66.31453555304174
65.88132747441014
65.39342705254118
64.729048106725
63.69467087616995
62.52260963328407
61.25441243444637
59.91139398652221
58.52009612222086
57.091439604155944
55.631093805371805
54.14828919954872
52.648268215026974
51.139141897910626
49.6301317443481
48.15047537612608
46.697577803960826
45.27366867008517
43.87817749471253
42.51206402186855
41.1674255639232
39.83838661292053
38.51615686951908
37.18655314895476
35.84651796215715
34.504577286535
33.16689272750846
31.831579107786954
30.496079247469623
29.162132839571008
27.822805863648192
26.490547851289005
25.178456687450144
23.886471351167955
22.608147181328754
21.354382619640912
20.142182333403056
19.04870662190426
18.50345597886809
18.26278219766626
18.085235301884357
17.90599138630872
17.71793602084001
17.515701774212623
17.286502538610975
19.333375107305017
20.949278368657723
22.3277395683548
23.761221045975745
23.11219372158238
22.616788888133165
22.182632800344294
21.7625536393331
21.336224194388517
20.896781232893606
20.418833251996144
19.823946683096096
18.837449361425517
17.690152372167695
16.421758257052975
15.064435659316239
13.649933931096385
12.190245895799396
10.692753399516855
9.168192967729768
7.624373068452375
6.0783032140013065
4.547562536332086
3.0654343026916493
1.6289167091180374
0.2394394305610899
-1.110273789357047
-2.4227719253563174
-3.6997096371943528
-4.950920909652332
-6.187745307237435
-7.425508916291829
-8.666014379143766
-9.901978622579497
-11.127812828491592
-12.34412318107399
-13.552438303921244
-14.755619623853935
-15.961880593954792
-17.15619512225149
-18.328988450458784
-19.48190279775931
-20.620543725232558
-21.736504582832904
-22.799853770219492
-23.72945295018907
-24.141723227209344
-25.655554302360997
-27.16938537751264
-28.683216452664297
-30.197047527815954
-31.710878602967597
-33.224709678119254
-34.73854075327091
-36.252371828422554
-37.76620290357421
-39.280033978725854
-40.793865053877525
-42.30769612902917
-43.82152720418081
-45.33535827933248
-46.849189354484125
-48.36302042963577
-49.87685150478741
-51.39068257993908
-52.904513655090724
-54.41834473024237
-55.93217580539404
-57.44600688054568
-58.959837955697324
-60.473669030848995
-61.98750010600064
-63.50133118115228
-65.01516225630395
-66.5289933314556
-68.04282440660724
-69.55665548175891
-71.07048655691055
-72.5843176320622
-74.09814870721387
-75.61197978236551
-77.12581085751715
-78.63964193266882
-80.15347300782047
-81.66730408297211
-83.18113515812378
-84.69496623327542
-86.20879730842707
-87.72262838357871
-89.23645945873038
-90.75029053388202
-92.26412160903367
-93.77795268418534
-95.29178375933698
-96.80561483448862
-98.3194459096403
-99.83327698479194
-101.34710805994358
-102.86093913509525
-104.3747702102469
-105.88860128539854
-107.40243236055021
-108.91626343570185
-110.4300945108535
-111.94392558600516
-113.45775666115681
-114.97158773630845
-116.48541881146012
-117.99924988661176
-119.51308096176341
-121.02691203691508
-122.54074311206672
-124.05457418721836
-125.56840526237
-127.08223633752168
-128.59606741267334
-130.10989848782498
-131.62372956297662
-133.13756063812826
-134.6513917132799
-136.1652227884316
-137.67905386358325
