0.523843280425256
0.709802795504524
0.987337591326133
1.30950877409856
1.991079245719
2.69462935343653
3.36638926417905
4.08828767321686
5.44699999533432
7.52327556917275
9.58748411007691
10.2075853908505
9.51881060093233
9.00096639469272
8.89618239843522
9.69141844591534
12.7727108706876
12.4228668742239
7.96123240838827
2.92855551483657
-1.91056298788809
-8.06753341485031
-19.9901904543244
-55.9247445088894
-126.104719621336
-154.259841637906
-165.656668329186
-169.582289439529
-172.023274502735
-174.842405649531
-179.054058999997
176.110300039619
171.317537991245
163.101548867549
145.503580254547
90.5885331592162
60.087490355755
46.5568932061036
40.5247124642057
37.1489053292299
35.0948070787232
34.3373249840938
34.2416616944896
34.5331687807313
35.8407829533843
38.4665472344256
43.653228370728
48.4661291476906
53.0483303262803
57.8644663599125
62.1716112768094
66.3057782388556
69.5504229142393
71.5479132423223
71.4151882764428
70.6257288876815
69.8634635299121
69.4896748228792
69.0441308341016
68.616619446136
68.6553431019089
69.3908316194117
70.7901671988428
72.0958069510094
72.2126078084575
71.6244041889435
71.2139824746712
71.3332760358716
71.5725822348716
73.6001011652858
73.8239988072641
70.9354156150346
66.5998369940663
62.3175616649297
56.6697783327136
46.1544223689805
14.7116669584181
-59.4099796608436
-90.4915544057115
-102.300224753834
-106.307982611048
-108.686132379645
-111.359515566649
-115.658482905686
-120.713413706721
-125.906637780949
-135.806832244914
-158.396990122778
149.635245597282
124.73231822677
112.811919137741
106.745841771544
103.028601100855
100.610345066509
99.4491192862479
99.1097439006661
99.08543816979
99.6384678282756
101.195486713009
104.903132126025
107.587758738623
110.477515484663
113.947253156114
116.856545356061
119.716570283051
122.233199537432
124.047978821188
123.859158892289
123.060182486575
121.985691498182
121.290676836317
120.474543647441
119.791036759834
119.660443697839
120.231698986489
121.36898428041
122.197086254555
121.87423856979
120.723873703864
120.123493569525
120.012607096875
120.101332578978
121.775459307643
121.733609055935
118.402128550427
113.65512870295
109.317261119259
103.764413054251
93.4369664076739
65.1745863171945
-3.85440352694367
-39.0433329339309
-52.3302247193196
-56.8074262063796
-59.1381490107394
-62.4415080370043
-66.434220253065
-71.0958196307048
-75.7201358582016
-83.6875322563072
-97.2100638311354
-149.129896112917
173.876974221423
156.805352670848
150.462435549271
147.431134848585
145.770974320025
145.50034300574
146.12549878431
147.484365504598
150.710570119488
155.757080289288
163.445208566565
170.752230696125
177.296295021026
-177.303158607266
-172.571746097107
-168.203211644587
-164.623043863826
-162.297328610968
-162.108050645142
-162.597754978703
-163.267933557882
-163.534247705323
-163.906729425206
-164.407259789551
-164.540945848977
-164.361778501171
-163.929174145172
-163.811306785252
-164.837024726782
-166.460449167942
-168.102935433491
-169.209289211454
-170.03471313327
-169.106498734341
-169.998731447822
-173.049631150811
-177.231724052452
178.915736433545
173.616563672927
164.51314719167
139.92996247378
69.1700245442809
29.3493405326807
15.3243707249298
10.4941105822946
8.01860441922246
4.36559557289281
-0.0527811866051756
-5.06974874926958
-10.011895809436
-18.7279894026376
-40.3026268051406
-94.0095028641912
-118.823376553421
-130.696674564998
-137.141144306918
-141.251395876312
-143.941095953401
-145.30352830274
-145.926061769235
-145.898347427376
-144.767121227577
-141.640683199338
-135.852527386416
-131.607755072537
-127.553020866484
-123.296903384598
-119.538465204426
-116.18299693433
-113.520015221575
-111.686218962596
-111.931098493593
-112.8005036205
-113.75629582725
-114.447284987467
-115.264706010939
-115.975484002862
-116.081951128143
-115.432146655944
-114.186266570082
-113.245262829167
-113.715742176292
-114.778953339646
-115.741423060984
-116.309292979843
-116.47660557788
-114.896179065267
-115.112666304504
-117.91287731299
-122.070164499154
-125.990975387353
-131.251827675417
-140.39920835362
-167.726178292993
113.545100149685
79.675322458098
67.6980277826386
63.6473160910325
61.5206510861914
58.5531452021931
54.5925342732124
49.764124859455
44.6686935839886
34.5881955348042
8.20887462291636
-43.1730022348652
-65.8227043331786
-77.0485590638283
-82.610621968848
-86.0421986438383
-88.3342255352938
-89.4688616560188
-89.7763362976278
-89.5743930484726
-88.4620910895782
-86.2682337198735
-81.941020078747
-78.6020465957883
-74.8181661539518
-70.8341819461934
-67.6298382633723
-64.6299517915534
-62.1105699278692
-60.3222462879102
-60.4639835730372
-61.2267278336112
-62.2542700768133
-62.8719172704284
-63.5807777572666
-64.28585699469
-64.5397713554034
-64.2384459922338
-63.4979396800447
-62.9698617150305
-63.6981814454893
-64.8188876359531
-65.5505127929765
-65.8315451582473
-65.8192361066015
-64.2545593640896
-64.33566379028
-67.7269053234416
-72.4116039785966
-76.5011285356031
-81.8116119212627
-91.1590988654112
-115.474694040503
177.496384510718
137.201056890191
122.639206924909
117.840579968836
115.488974369066
112.230583877485
108.226958052614
103.578182472335
99.1116429345775
91.9370505676707
76.2791362616793
17.1209083764271
-6.82572406828486
-23.5919332312275
-31.809803779211
-36.2357409758396
-38.8957006357546
-40.0144191671521
-40.1925929739888
-39.6111269011083
-37.7141251633071
-33.8156443561344
-26.8209891981404
-20.9425603416201
-15.2184897223887
-10.1289912985443
-5.58557172599006
-1.58481893013185
1.49519246177997
3.53516281611874
3.48681443457162
2.80170351034795
2.01278177736775
1.59437167987164
1.08506249941958
0.612177047149483
0.561082916312867
0.95579168501254
1.65352029375552
2.20657812370159
1.51904453887397
0.403017991680375
-0.473622142119288
-0.730802786631008
-0.685294135864081
0.67461178213138
1.23893658114429
-0.949763585360557
-5.25812672542574
-8.94533502014226
-13.949321280643
-21.4774220389399
-40.2142296009461
-106.828680550649
-156.740889336486
-172.447555814927
-177.67861361202
179.559588366049
176.184127921776
172.007519902912
167.366952401217
162.815956652557
154.996841023133
130.785931678723
70.1935931049039
50.6786803552878
39.3796196085097
34.513537533123
31.8212853197319
30.1180817349311
29.516846640337
29.5759470280692
29.8979454357461
31.0737514045257
34.1020716803904
39.6783642560642
43.4816980118738
46.8707036306015
50.5947123445604
53.7772637016553
56.4926127395161
58.7748198025391
60.4734756821406
60.2254035488261
59.3266746467837
58.3439343165923
57.6156961769028
56.7870821535099
56.1061553804655
56.0241897829313
56.655181043042
57.599313087699
58.3920233146041
57.7772781361074
56.5607964541889
55.4476756990642
54.7377029075566
54.2377044701691
55.42004278459
55.1348329376922
52.6100045697236
48.7976237840735
45.553782477942
41.1202362413544
34.5332317806528
16.5820349059587
-64.7631837510069
-111.043723824465
-123.862696633508
-128.08061230479
-130.374000588613
-133.111812146979
-137.100918639936
-141.901642626793
-146.695944206397
-155.364336568036
-178.194087783778
131.582022066505
106.31213866181
94.1358599364141
87.9449436955879
84.1222892871296
81.5192320463005
80.0394009975594
79.3596254177931
79.4091659278978
80.8066239679868
83.9040154157409
90.0740793965484
94.6743369787256
98.9410221355776
103.410367311968
107.228762155962
110.783561632672
113.39387369738
115.193807697563
115.061302228067
114.458121043424
113.641155194016
112.980941673974
112.114161368465
111.178643200299
110.656937611299
110.653445382819
110.859174931461
110.738938285261
109.30764804935
107.357553238896
105.347903282987
103.542632041241
102.573241832001
103.244621252317
101.998041010521
98.8159231572783
94.6253250526538
90.9495637559249
86.0390492392648
77.0931067482347
56.3001748587209
-20.8458545994698
-62.9545892787355
-76.2548692910036
-80.7068876274766
-83.1335150393995
-86.3463010998854
-90.4526244492057
-95.1356333328315
-99.8798047748644
-108.600431962024
-135.907258687338
176.247322343719
151.252027844723
138.445737752899
133.268904352781
130.322589885782
128.424648533865
127.679288366517
127.778650101788
128.269802465083
130.041731877284
133.307790963999
140.274940286032
146.410789525303
152.067905981255
157.247668245817
161.348348896097
165.010700340951
167.755261106679
169.656309702974
169.602570307007
168.854840714277
168.007651923852
167.510923262724
166.896749820263
166.303897037618
166.178776185615
166.374370958186
167.030931246113
167.544879533997
166.847546905376
165.581831603764
164.667301434097
164.259819405974
164.008156035669
165.30614739195
165.08510698525
162.229909670035
158.181737514954
154.872051095645
150.316698873675
143.466734182626
125.507751796813
52.6586260068061
3.0768468568079
-11.2345028539234
-15.9090684228791
-18.4095822122472
-21.5754479592749
-25.7304527342154
-30.5072509732444
-35.2963381384402
-44.1561170618782
-70.7452737901775
-126.293016378056
-145.907496271246
-157.395705344105
-163.11742138048
-166.604279497632
-168.856430597197
-169.917503271845
-170.126231777632
-170.010555923269
-169.103254082028
-167.387057505802
-163.202708052699
-160.060858750169
-156.66634489863
-153.103471304365
-149.496052245934
-146.934251769279
-144.660691818475
-143.001510210575
-143.170848717516
-143.953289891835
-144.855763882838
-145.429571958816
-146.184680878883
-146.922776000362
-147.188203122521
-146.818330579755
-146.036126928545
-145.515761169944
-146.292161994538
-147.473167167776
-148.19821257351
-148.509011441263
-148.532797530361
-147.096030849469
-147.38546478594
-150.672277896575
-155.146443556711
-158.770360774389
-163.649183387714
-171.710003215787
167.176115246009
97.3054482578609
52.7833045862224
38.2616153369847
33.578896083107
31.5060088109795
28.5782906802932
24.5129903828981
19.7465431004971
15.1633448605708
7.86925588204179
-10.4682464861133
-69.5519296443602
-92.4352214099445
-107.623495966582
-114.881632861699
-118.915423982472
-121.471871194267
-122.710999626697
-122.979863043887
-122.333243158214
-120.062674324732
-115.948034630489
-108.740061051639
-102.456035586191
-96.1699138680833
-90.8257545336641
-86.073057167425
-81.6389512872443
-78.2759645298559
-76.1070386525309
-76.0431300357524
-76.5773866053821
-77.3229527094448
-77.7434118538304
-78.3149599569551
-78.9129515086939
-79.1071374778359
-78.9007852329123
-78.3434527622786
-78.2758694020242
-79.4647413897267
-80.9852162925342
-82.4710402583875
-83.4726205471412
-84.0693013166842
-83.098666429532