-0.922140659045165
-0.271649525605397
1.65124387343433
3.45525641604651
4.42356652791639
4.89939343883964
4.88322107501488
3.93288567536257
2.22754821736839
0.0467373824852983
-1.74549737960375
-2.07303670515547
-1.36207762618026
0.667434781846593
2.09622477206125
3.38416613098783
6.32967851942052
3.50964420181
-3.78405492268728
-9.02220303029234
-15.8071908932273
-28.6148092822091
-52.1889927162172
-106.227135735686
-156.264704185435
-169.61015399865
-170.511946067304
-171.654527054075
-171.491055523765
-171.953295138477
-173.388530908508
-174.037606977907
-172.914504909204
-168.147140574108
70.5724712491591
32.5064630569256
25.0309194452447
24.467000023153
23.4601912414179
20.2688058234126
16.3882000253578
12.7473922151697
9.52321861833237
6.60241546339711
3.333385862269
0.191862628994868
-1.85158584130927
-4.24165684014044
-6.93401791706224
-8.43997732705133
-9.4013652246276
-10.0315957591959
-10.4855501558901
-11.3600854608862
-10.7470072655608
-8.81397820661598
-6.40658251465342
-5.04407824250419
-4.11126711375029
-3.28571528395765
-3.18994333861584
-3.90398032034164
-5.01414554014955
-5.68063966490168
-5.80123026102036
-3.74967725939258
0.265570084528205
2.87348983775586
3.9734377430225
7.27097869131327
7.42427660811413
-0.341157705704056
-7.72919684088124
-11.9925197951598
-22.4882871074579
-41.5104603320667
-90.414155600476
-149.829775194416
-166.116772515897
-167.818801993644
-165.484232136876
-165.538694679252
-167.112015312285
-169.103861225101
-170.722574798976
-170.638583529744
-167.014956903288
54.0573883805167
17.9433002894199
22.9508358196643
18.279086744151
14.4246830115648
12.0684719445501
9.84489037497053
7.12320623120965
4.19569830256563
1.19372285758987
-1.76913492419109
-4.7099766162257
-6.46531910639636
-9.15307193490999
-10.9176471320891
-11.9378220455666
-12.6059043499605
-13.2174228102242
-13.6852895580462
-14.3013206453823
-13.3995950803655
-11.0882867639162
-8.51446937413397
-7.1122411362763
-6.06187249041765
-5.3068992816288
-5.08121152224871
-5.15351491467057
-5.81231923262904
-6.30331907900241
-5.87712113925955
-3.71257409147358
1.06449836598315
6.44973549735997
8.40699365240438
8.72304482540473
15.9645413082207
22.5269170439998
18.0726213697018
11.4315927881169
8.32399735003488
-6.28986364006778
-29.8656482127074
-81.8974543393173
-145.5508600192
-158.422112916599
-160.52658742166
-161.720729175222
-160.815793952095
-160.86140835709
-162.402927279081
-165.099448882499
-173.458795823605
88.0895101446035
38.4471566473984
52.5250595905503
37.7779796627653
27.4900028399069
20.8035625273526
16.9823809667844
14.6874047091158
12.0539675827365
8.63823681366496
5.36362935133901
2.16611652923657
-0.967383584790825
-3.91266633295722
-6.44701707793145
-8.93885390158884
-11.1176216335315
-12.7637630564899
-14.0600888893585
-12.4991769554938
-9.91454823213876
-7.71196605970778
-5.90046410204306
-3.51105160465438
-1.00659015082
1.56195306132964
3.56346148560858
6.05219893393045
9.66970533039554
14.262326137023
20.1222539676717
25.6174482802093
28.8323121282586
29.4235749769265
28.6540174013395
27.5464870880641
26.8326731891182
27.1751759248414
30.5737312116235
34.9963705774626