-1.96971680251268
-2.7053375297391
-1.7842659062589
-0.804407616336139
0.00597742048754637
0.122025246464745
0.249512713784278
-0.524886938754725
-1.66582403344737
-3.15536793040741
-4.05062595595515
-3.10112196146692
-1.9874699169124
-0.888615480611054
0.420639026276621
2.07572154934767
5.47895791267448
11.1086128964906
4.20120408839504
-0.444338354277297
-5.20570897494661
-13.6098547613502
-31.9219484130262
-73.4448343944304
-137.657997160488
-169.834331378861
-170.979131265031
-172.532865944261
-168.895087150472
-169.128775233126
-171.813550416328
-173.072334483751
-175.139424969862
-173.484016517937
-172.308769625503
-2.70127128779701
24.6072278366807
16.8606744958752
14.937324157646
13.7507170645041
11.6433970150245
9.90635741960676
8.03008430196944
5.83642056944725
3.6494823205267
1.43410633059884
-0.757678813851593
-2.48719596578943
-3.68863994951245
-5.18469523956364
-6.67627649885259
-7.46045682404369
-7.8506586655179
-9.10555352278082
-9.73162170313607
-9.0529528532108
-6.85643339345264
-5.33072442055359
-4.72466939273092
-4.17094490416378
-3.98574594603973
-4.28857080586488
-4.8471210669506
-4.90498105728312
-4.19782929731908
-3.71975782804041
-2.38896045480081
-0.708281574514061
1.96255298191782
8.0212318326655
9.87104853689667
2.05078527256548
-4.71236849269446
-12.2082583273389
-30.3218966338104
-79.9833661531273
-136.359506844325
-172.484409717267
-175.854286738617
179.785933018106
-171.208657296602
-164.285491318614
-167.063124743223
-170.585388542951
-172.454476876431
-172.323504466428
-171.305644772113
47.070266141108
23.952576645102
18.8957774555225
16.7400434928504
14.6891757847194
12.8806233780158
10.9535080433999
8.3665761095467
5.6744793696556
2.77851435897788
-0.0482813157919176
-2.43729384007419
-4.50763566071778
-5.29003404174158
-6.50249719227087
-7.63110413376063
-8.29355312396183
-8.60439751375408
-8.77091599210933
-9.71641697992649
-9.92682478124145
-8.75901031438309
-6.43133249351458
-5.36032264946155
-4.26351673924732
-3.63375103941314
-3.3935126017647
-3.71183769541758
-4.06666931879885
-4.07664030086506
-3.38246378784495
-2.19953565362516
0.567585296496477
4.07416761585728
6.29653027788148
9.31966584946481
17.4634444100175
10.2672623507878
5.28341901962434
0.657112976870146
-8.74761274026834
-29.1086188977294
-65.4736900984771
-122.480916671539
-156.60012705235
-160.857526489142
-162.397568826816
-161.777153871199
-158.18105880815
-161.056628814912
-162.81501832131
-166.018920079683
-166.325294454592
-166.494262031297
48.17561129382
24.5685597401698
36.974196610743
14.6912588062901
10.1758314629124
7.08024924651523
6.33742530682825
6.19417651316218
5.79065448348498
4.85581197425185
3.71975213480763
2.48618400572404
0.832889771907222
-0.704690940560939
-1.59428285012343
-2.8304609364803
-3.83436807255273
-6.03729535227859
-7.158856344837
-7.36561932683142
-5.78153813561963
-4.10405742241444
-4.29427738130071
-4.66910171775554
-5.29190942603016
-6.33101271294562
-7.48502605319646
-7.97510317536182
-7.23484044066193
-6.75383417944362
-6.03536533050663
-4.84087261540452
-1.84906142081058
4.4059581540215
0.536385380563663
-8.96519704507945
-17.7657340635744
-29.8308731332955
-55.2675665856919
-104.092784724876
-150.2452016483
-174.357620360392
-178.360545449549
-179.693594845428
179.402348262597
178.212236077708
176.355775625377
175.519207540917
175.065537583052
174.403606268755
144.713446497041
20.6790786509438
39.4761738744142
6.105913008515
6.87867872647336
5.6599476670681
4.55040715967502
4.13918638663817
2.6870681300368
0.56958221393448
-1.60742566693755
-3.25069887709702
-4.67307362639716
-5.37945396086816
-5.20963276518908
-5.459213255236
-5.88216716232615
-6.37418957042705
-6.96657587511011
-8.08181663011761
-9.37389711075899
-9.42326386431847
-7.47969094515324
-4.574883088917
-4.38889851712873
-4.93872899591574
-5.87221946417187
-7.11781125624656
-7.98661944877288
-7.4565535839902
-6.02359315594167
-4.89827376989058
-3.91634991016621
-1.38441369241824
2.52014710273475
7.55651632400258
-3.74772800593497
-12.3682031625588
-19.5535769298857
-30.6172448690413
-53.5666093003103
-98.2568082251637
-147.218784506074
-173.711286981433
-177.368163302708
-178.811152597807
-179.142957925724
179.213554342291
177.011814959465
174.938342023926
173.56355835941
171.761759323107
164.800450031028
33.7115037102522
-7.3726145687183
-2.4715828462465
4.52729026792993
5.70897901724071
5.06220182812072
4.31440174593614
2.88336469475947
0.815734436140656
-1.42432880345813
-3.70937078476414
-6.0883242536842
-8.208905073303
-9.79025890245552
-10.9082855535862
-12.1734433917151
-13.5017335998976
-14.4032053889453
-15.0079269632182
-16.1271710640671
-16.538186100988
-14.7399211046849
-12.924394929648
-12.1531657017965
-11.317536529888
-10.7657768866122
-10.586693893378
-10.8623016931171
-11.3591510348796
-11.6598281196895
-10.9912539498328
-9.21282758936065
-6.67400764268052
-2.58672141618232
0.725670381417281
2.47657096545953
7.42556340263783
14.6990847429212
6.76817905923285
0.692951127812732
-2.54269122150106
-11.5136047400673
-26.350653434314
-55.793814084258
-120.992323930727
-154.292796239929
-159.266839314093
-160.329428946164
-161.020719085106
-161.172652790927
-163.43562728721
-165.99726207941
-168.177738419195
-174.548522088203
49.136792318253
16.0133575077747
17.5167573180124
19.6600808398825
18.0574957925588
15.0445340298652
12.4598384540383
9.95120956648537
7.32224041048144
4.61237539045519
1.53142003421162
-1.68414956978416
-4.77230969279071
-6.94852671875096
-8.34417247203042
-9.77780300785264
-11.0994112537668
-12.7901866701584
-12.9956994089455
-11.0606798786586
-9.24259205036073
-8.30062282417575
-7.03696671237325
-5.83171980623096
-4.60769219559339
-3.40622659930621
-2.33001650049315
-1.1563922559794
0.738435369521571
3.50627835226494
7.16888474918963
12.0272792203409
17.2606523587193
19.1006207797613
18.4364558008982
25.6006000967277
33.25311218954
28.9272739442262
27.5967874709517
17.0063816923548
-1.76779909730602
-13.9796648112408
-26.164891170937
-57.900986895448
-100.21915054248
-119.753767863903
-124.137552509558
-124.681042507415
-127.745116041271
-133.155696374837
-144.925274642673
52.2713690066857
46.9182130717864
52.7697830639595
33.8139820093507
9.5914363388798
-3.5333978413926
-14.0973874788474
-22.8247718345641
-28.9275619363925
-32.4449732756561
-33.804792630285
-32.4323220516798
-30.5875504903653
-28.2459707887972
-25.4405062996612
-21.9040846037524
-17.8789513695972
-13.6698488423869
-9.36738548849793
-6.92137104255122
-4.94321313732494
-4.66186666047046
-7.07680229317156
-11.280197814326
-16.8855511316907
-23.5195164847466
-30.3119490376875