-15.11267843669747
-14.33595482434645
-13.559231211995431
-12.782507599644411
-12.005783987293391
-11.229060374942371
-10.45233676259135
-9.675613150240332
-8.898889537889312
-8.122165925538292
-7.345442313187273
-6.5687187008362535
-5.791995088485233
-5.015271476134213
-4.238547863783195
-3.4618242514321746
-2.6851006390811545
-1.9083770267301343
-1.1316534143791142
-0.35492980202809576
0.4217938103229244
1.1985174226739428
1.975241035024963
2.751964647375983
3.5286882597270033
4.3054118720780234
5.082135484429044
5.858859096780064
6.63558270913108
7.412306321482101
8.18902993383312
8.96575354618414
9.742477158535161
10.519200770886181
11.295924383237201
12.072647995588222
12.849371607939242
13.626095220290258
14.402818832641278
15.179542444992299
15.956266057343319
16.73298966969434
17.509713282045354
18.286436894396374
19.063160506747394
19.839884119098414
20.616607731449434
21.393331343800455
22.170054956151475
22.946778568502495
23.723502180853515
24.500225793204535
25.276949405555555
26.053673017906576
26.830396630257596
27.607120242608616
28.38384385495963
29.16056746731065
29.93729107966167
30.71401469201269
31.49073830436371
32.26746191671473
33.04418552906575
33.82090914141677
34.59763275376779
35.37435636611881
36.15107997846983
36.92780359082085
37.70452720317187
38.48125081552289
39.25797442787391
40.03469804022493
40.81142165257595
41.588145264926965
42.364868877277985
43.141592489629005
44.25003965896853
45.394057160205726
46.5747353016653
45.40413989333903
44.25936258714869
43.13632615469448
42.03407883629384
40.94807997120962
39.86705959748763
38.77234418079387
37.658717653231875
36.534867475277785
35.411205678152605
34.28699285852125
33.15831031310238
32.019738261021274
30.857904605799884
29.69812725507236
28.566207543910906
27.452439950722173
26.36037951774398
25.30839452599903
24.346953168113917
23.71589392858497
23.502719421493964
23.43591295839272
23.409010948847854
23.378908328571477
23.33688398483776
23.271279031577556
25.550670372291695
27.670018125224967
27.00203023597367
26.139707020022136
25.394130782526933
25.077113994565693
24.869330976199667
24.70106752551633
24.530122454560402
24.33827329643883
24.12489838273934
23.87214599558232
23.434567420089262
22.49944411081499
21.45181379484193
20.334913834539474
19.1614761642895
17.941112882782594
16.682522424864178
15.389806897643723
14.067462132650256
12.721190073556915
11.360118599584668
10.000283013320905
8.67504284774306
7.388117763905551
6.134807193469409
4.909058823934275
3.7149495031708843
2.5470960482635907
1.3980926458968481
0.25752116632775746
-0.892001492122314
-2.054208638267257
-3.222438445665203
-4.389147320947369
-5.556393098025807
-6.728815617817284
-7.905341000928726
-9.093072760423553
-10.278986963287231
-11.437855777878564
-12.57074149858493
-13.677068895054425
-14.74037781977
-15.728363925130198
-16.49326174032488
-16.75937501893673
-16.788818565824815
-16.751043327665936
-16.705573570538764
-16.663796761623047
-16.636298016147908
-16.62710671981531
-16.745255738520257
-15.021836593632116
-13.491786279782882
-11.83432186731044
-12.15664014100001
-12.361186256629345
-12.517548284466859
-12.669797892792516
-12.837906841483552
-13.023397164541525
-13.257220655245106
-13.727498399958488
-14.614060593149329
-15.606640781892928
-16.657242518062343
-17.753477642711644
-18.88570907376911
-20.04716739787341
-21.229450143498717
-22.434601305839507
-23.658242599453516
-24.895943538165998
-26.136137457641638
-27.34538083931571
-28.518818957022365
-29.65874254852975
-30.7718588444173
-31.85408419328365
-32.91236565510238
-33.95263510586545
-34.985920376086064
-36.02990183255518
-37.08813857131766
-38.15561394326143
-39.224649219038234
-40.29931042372477
-41.38427786201571
-42.47832810771974
-43.5883570208
-44.70627333796433
-45.803291430595756
-46.87836578860483
-47.93316013286025
-48.954211789893975
-49.91061803296712
-50.66418940373131
-50.93171392195866
-50.9652546098679
-50.937357756333334
-50.9120118301268
-50.894878873396976
-50.89855850994625
-50.93855504427604
-51.13393687978312
-51.76382997256923
-50.22144571514239
-48.64507403696932
-46.575641235086884
-46.73803643775867
-46.85140928740098
-46.96768277717194
-47.10462030541265
-47.26309011710942
-47.46812019685005
-47.873633166619214
-48.7634251861164
-49.771256202999254
-50.85075865556281
-51.989488707674084
-53.17890001054355
-52.02694644317173
-50.90761364468046
-49.813979388378876
-48.742986320516174
-47.68821262614045
-46.6360912248941
-45.5545006706011
-44.4383725579807
-43.290770170257
-42.11588300536096
-40.913019896435934
-39.68498627452363
-38.43718255262943
-37.17618681200075
-35.91605280061679
-34.6585908750822
-33.39888978148732
-32.133880735464444
-30.86247228902155
-29.585383885514297
-28.306120118962028
-27.03339348685751
-25.752331892061175
-24.44171338658692
-23.107226843756532
-21.74718539742023
-20.345242553746218
-21.254064017143136
-21.962241665940258
-22.216586062614798
-22.210184968764107
-22.129542400038943
-22.050164884573963
-21.979035912978087
-21.92288352141739
-21.89386011880274
-21.994111380193644
-22.515507041378665
-23.271469756329353
-23.93239793602314
-24.124333753665233
-24.221880605291567
-24.27544457091384
-24.32505451519572
-24.389386405909235
-24.468651591090097
-24.576974326144473
-24.780168719216558
-23.15714919545064
-21.693976999925177
-20.31083590977821
-18.98792270856288
-17.711288016312952
-16.470028142958856
-15.256217933913202
-14.070613232994269
-12.90435515859196
-11.747003176271813
-10.581688535230732
-9.37627712055131
-8.122796714057044
-6.823949384603582
-5.488846827811616
-4.123513338871396
-2.7312498012683464
-1.3191282660511765
0.10142544345485316
1.5095253431389022
2.900344055350919
4.2812359487456115
5.6576938326980395
7.028991121223945
8.388537221005503
9.735713223299548
11.059096812112866
12.36441599418482
13.67740154876084
14.999026202374509
16.331671047515695
17.68533461249165
19.077304874950848
20.629111976132425
20.380620580381347
20.376853727126104
20.420431949324545
20.460959445671143
20.488476932653782
20.48899877872978
20.448693540768055
20.248625921902978
19.640658895068714
18.841745526971355
18.192244875712355
17.930576612706563
17.756723496224854
17.619120581813306
17.47968262686091
17.320883949813393
17.142033357379233
16.924868403083238
16.493344385751268
17.946863371272684
19.33085689806363
20.66237432493427
21.941518074528233
23.174419319018558
24.369167525510086
25.534133823888585
26.66677921364198
27.775135882237038
28.86665218599823
29.958287556317035
31.08647734315308
32.249234514250624
33.43873569010588
34.649959357023036
35.88721319218873
37.157332157360464
38.44346511019345
39.73612724011744
41.0205878218084
42.29311756733751
43.56133958545253
44.83201919300759
46.103231638611305
47.37183283512466
48.6391332665048
49.897797009880485
51.1617509269295
52.45505627625322
53.77918178763844
55.12879028176629
56.51800738328099
57.976245960583356
59.63033183295163
61.767414646266246
61.78948089821274
61.891526376635454
61.99868057693935
62.10071624549126
62.191411776815684
62.26978993220559
62.241460872865716
61.66303636463982
60.86093873962329
60.18618629509999
59.9680759818757
59.846014494258505
59.76371659580215
59.681407235542366
59.5799922558224
59.459208319015794
59.28740394319877
58.88484875130627
58.08892468240377
57.18135773207289
56.20616014439133
55.173004530421885
54.09309451941716
52.9759571753783
51.8285169747774
50.65292505155302
49.45368651567075
48.23689267027926
47.0133427259463
45.818216509664765
44.65439326061249
43.519919703354496
42.40995408539364
41.32684110630368
40.26467934912239
39.21872567144402
38.179223214489
37.128719877525874
36.06332811747735
34.99053123644672
33.91335912842503
32.83035800037694
31.735673262788644
30.63117816644241
29.50867525423065
28.375550288333695
27.259312135518382
26.168417462366868
25.09717759503709
24.053982896882374
23.06235860839457
22.234396495318347
21.86845509722545
21.780879492702756
21.762439190183517
21.742200558150298
21.713564749873075
21.662043593653287
21.576160519074072
21.348573359355875
23.090039100507752
24.5974102569764
26.11016855027332
25.767178463847053
25.562921499686777
25.410020758822544
25.25829336289654
25.089028757927696
24.901386801993322
24.676636892728848
24.270381056599913
23.34175444195047
22.29381723654908
21.16899945692458
19.98064377539886
18.736390776529493
17.443278880123763
16.111748448359048
14.750464706194574
13.36562145936702
11.9658397555917
10.567831998287247
9.204001581961634
7.879943483447421
6.592114726854142
5.334620149208779
4.109842143409043
2.9138093917821686
1.7408675564222067
0.5828738837141241
-0.574526235728007
-1.7338611008592086
-2.8902252127267865
-4.040226672156098
-5.1832613405941865
-6.31950097955151
-7.4528634931132505
-8.592545493261651
-9.722572960710572
-10.821106019456268
-11.894679786764964
-12.942516393987711
-13.948565727776884
-14.8821732210288
-15.615053570235322
-15.891443471005003
-15.91002916027996
-15.855830842209313
-15.79881615925969
-15.744117910619572
-15.705583182201769
-15.691260399733933
-15.798752047627291
-16.34747817391715
-14.75875576019968
-13.042786946832683
-13.238718242237843
-13.38239198260493
-13.498219758867663
-13.613657680050068
-13.743173131179764
-13.885232277214248
-14.055942312747478
-14.373726604482778
-15.235845563479433
-16.226660914182208
-17.280866501790893
-18.390699831347828
-19.539302855581436
-20.71344111359404
-21.906195913486492
-23.11861445803694
-24.354550672245438
-25.595378761106716
-26.824836906603622
-28.012282774560003
-29.14930442741595
-30.239512760406303
-31.2907014005422
-32.30918803658934
-33.298906334490795
-34.26783682965118
-35.22768502281178
-36.197983565304426
-37.184712692653676
-38.18035019536507
-39.18111773409993
-40.186218756867866
-41.202290189884934
-42.22925982136608
-43.27769527944092
-44.34363777590235
-45.404800766750974
-46.451417380193874
-47.48416198532805
-48.497109497822954
-49.475841695836806
-50.31506271225704
-50.562864850841635
-49.58847515663065
-48.61408546241968
-47.639695768208696
-46.66530607399771
-45.69091637978673
-44.716526685575744
-43.74213699136476
-42.76774729715379
-41.793357602942805
-40.81896790873182
-39.84457821452084
-38.87018852030985
-37.89579882609887
-36.9214091318879
-35.947019437676914
-34.97262974346593
-33.998240049254946
-33.02385035504396
-32.04946066083298
-31.075070966622008
-30.100681272411023
-29.12629157820004
-28.151901883989055
-27.17751218977807
-26.203122495567087
-25.228732801356117
-24.254343107145132
-23.279953412934148
-22.305563718723164
-21.33117402451218
-20.356784330301195
-19.382394636090226
-18.40800494187924
-17.433615247668257
-16.459225553457273
-15.484835859246289
-14.510446165035304
-13.536056470824334
-12.56166677661335
-11.587277082402366
-10.612887388191382
-9.638497693980398
-8.664107999769413
-7.6897183055584435
-6.715328611347459
-5.740938917136475
-4.766549222925491
-3.7921595287145067
-2.8177698345035225
-1.8433801402925525
-0.8689904460815683
0.10539924812941592
1.0797889423404001
2.0541786365513843
3.0285683307623685
4.002958024973353
4.977347719184323
5.951737413395321
6.926127107606291
7.900516801817261
8.87490649602826
9.84929619023923
10.823685884450228
11.798075578661198
12.772465272872196
13.746854967083166
14.721244661294136
15.695634355505135
16.670024049716105
17.644413743927103
18.618803438138073
19.593193132349043
20.56758282656004
21.54197252077101
22.51636221498201
