-0.116742647937027
1.4431557296535
3.00840514265045
3.40769573269331
3.27641908034376
2.91671015534985
2.13670862797406
0.716753290765098
-1.05668507403629
-3.08497927430875
-3.69212505018098
-4.17587446776566
-3.78852591643919
-2.50156046129979
0.0247537237250343
2.5480659056807
7.43050269591312
1.42183082040545
-8.69457319270934
-15.5045151095062
-22.2149476433339
-45.3922771228925
-84.7726017018789
-144.326537664387
-171.568746978287
-177.13232614542
179.347111847609
177.865359509714
177.624944813287
177.10517873098
175.768389024736
175.103187878777
174.060569733334
133.538613054934
32.4083700948662
20.6753314993275
17.4861371706691
14.8589213630256
12.4230257174796
10.4347360992847
7.80286086283657
5.19281436775025
2.97326300975313
1.00581446001982
-0.835078951525001
-2.50966394623371
-3.81430851924816
-3.80700046185362
-3.6885225793665
-3.71230632718724
-3.80034302622415
-3.39797768883342
-2.74554941304966
-3.33514614833016
-2.24122098854042
-2.06265489964914
-0.116723974267318
1.90132525906878
3.29934918901713
4.31592080359208
4.86159476967392
4.65184236300703
3.95131650963539
3.24049363709705
3.2937986355112
3.42578545488741
3.40413592799956
4.63603946437909
6.77624963640917
9.53728204186427
11.1561756477194
2.54766746877849
-5.28650167296585
-13.1893818117562
-23.5120181405173
-50.6815324915399
-87.4730882982428
-148.652756239408
-164.851305301845
-171.222431717855
-175.231417509516
-176.888316823664
-177.265098328374
-178.175360423485
-178.6023072445
179.404377294415
175.562758303405
128.501476234285
54.5959441121348
46.9830141611516
34.0837350783803
27.5682388851957
22.9482601244135
17.8784090105175
13.7944621594385
10.5831392650832
7.85705636866262
5.42425782855063
3.18766406636805
1.09306362678242
-0.659498636024765
-1.15100575902009
-1.03455319238658
-1.57522382566828
-1.6626678924872
-1.1285750001252
-1.77800531901743
-1.06920271114897
-1.21040639921146
0.329041922234756
2.99374149811925
4.66724899719127
5.98446135327335
6.73821005070664
6.78153602297449
6.40073678135736
5.95020942518899
5.90721374196548
6.05385340162466
5.69268741805055
7.10825602949726
9.32746302746849
12.8207894120654
13.760961923278
6.62887165277933
-1.26603689078003
-9.85441900514054
-23.8308680724052
-55.0513896141248
-89.720962626864
-146.760419220769
-162.080246726439
-168.615333438982
-172.841888296579
-174.664883738112
-175.012372707897
-175.872103477889
-176.235930777834
-178.048616490001
177.017769868031
120.338679121159
58.6517157364239
32.5105100089888
28.8742744697536
25.3167365386419
21.0893687570572
18.0863088248782
14.8226099449699
11.7937179861033
9.24409088790597
6.97136203953841
4.87297168072774
3.10259628670348
1.67787136003233
1.51792201545194
1.76713964077605
1.38606749587662
1.49661779224844
0.981225061788781
1.76675491746497
2.12618232577339
3.92135378202375
7.24537033773126
9.23841147320052
10.9194771771683
11.6437952566973
11.728994485621
11.7122038815632
11.5455821957511
12.1310765205116
13.1066008717064
12.4309156721275
13.1740202930524
15.1931121242874
18.1056706717804
18.1263396662023
10.5443094322202
2.04487423140991
-7.57121628762476
-23.7298990918941
-56.3358662127224
-90.6660339712019
-141.897987933708
-156.359508388457
-162.488893480125
-166.567485962278
-168.37995411744
-168.864961410873
-169.425328428099
-170.446137971149
-171.985300826738
-176.247589247846
122.197862296372
62.8028524095977
37.0351390774627
31.982808261927
28.3171736239927
23.8631241113183
20.9154332474346
17.8548670406018
14.6851109357385
11.8350741381059
9.32649881311523
7.04253660844078
5.19475225452663
3.63176998343429
2.3680917068787
2.88409459202677
2.228123029093
2.23278085929268
1.56369552104095
2.243774639139
2.63696224946745
4.63972455198454
8.37827787691328
10.5976633435313
12.3229494001023
12.9513063469045
13.1650844139543
13.3134706939709
13.3776797022574
14.1274572851343
15.9793293055172
15.5818406724003
16.2717068776601
18.0575771198789
21.0150324169267
20.068394508592
12.8130140517578
4.12158813852781
-6.36255912881215
-24.7279705896052
-58.2395517570538
-91.2813829756809
-140.095318462464
-156.519330646165
-161.286056841437
-164.656968478537
-166.976494614187
-168.026337965477
-168.787525369367
-170.323395135983
-172.766263284324
179.449380717538
117.329278593565
71.8384502803186
43.6296969955006
38.0871373038418
33.1105798915896
28.4118821464679
24.2481029004213
20.0215136512094
16.5385174436833
13.4118082672005
10.6846933588904
8.23629108645437
6.09414991944892
4.30482376710048
2.82652823160715
2.76871409765741
2.4960225918833
2.09288697994141
2.37938335557457
1.89762161663711
2.61301854760266
2.83067311133219
4.78473985882803
8.2121107807269
10.26740854822
11.9517698349578
12.7000618986646
12.8294036464928
12.8999656660114
12.7946079470064
13.3622600860163
14.345443853384
13.6811388855809
14.5505522774299
16.5897975582905
19.348585842069
19.0899437293154
11.6992683785884
3.33373571481081
-6.39025787776043
-22.769883639257
-55.3804984010758
-89.8932093838678
-141.597590995871
-155.831550541169
-161.853072374194
-165.865586043857
-167.578813644238
-168.105321802515
-168.742212989834
-169.958189578106
-171.835799589109
-177.148748139045
121.408225123738
63.0841496452926
36.4170000483682
31.4566003770623
27.8880999672908
23.482721778048
20.7403404088196
17.8695848873145
14.7265167686629
11.884570813214
9.39340467349643
7.1025663189369
5.24127426688679
3.67196530990001
2.39715015274434
2.85461547509833
2.16426444316685
2.14870892292628
1.43538874978787
2.13409350482073
2.40746218258821
4.41900349339152
8.07379844080732
10.2729022248272
11.9816942818752
12.6204979381716
12.8553791514275
13.0215316629803
13.0910988579838
13.7923250933032
14.5533497829328
14.0171639891164
14.8701698685768
16.7927237065488
20.3039772605636
17.7386219970188
11.4043826043991
2.75922292254581
-7.8499654061449
-27.3362501207116
-65.9918402701056
-111.114355595311
-155.142792542311
-162.799461225735
-166.549216645753
-169.084810422484
-170.090282942091
-170.668731987257
-171.628612550639
-173.377385588009
-176.552815775518
163.801149190362
107.323274341996
49.0292145274064
31.2562059156837
28.0618315826393
23.3954228296807
19.9545098887879
17.1899717283508
14.2879857556062
11.4520480110568
9.08123307398186
7.04070058396788
5.28271829052239
3.81846253244475
2.59985249370461
2.44811687835882
1.83920062967726
1.7039780998433
2.14723380188097
2.86825948783259
2.33527910018787
2.98354107851695
2.44903933112487
3.61873988046283
6.63104831912704
8.42520245586541
9.70846884304895
10.3101184538736
10.6243887662785
10.1896539762765
9.33123633621504
9.01764455375325
8.61187334837891
8.01315590085155
9.63388941770803
11.8680265253752
15.815359984769
11.5545129501704
1.63579095414309
-8.11942914093253
-19.6574141130303
-39.4840870798225
-73.6020932144523
-116.567259099152
-155.122911615025
-164.259889028579
-169.260986191531
-172.354915166834
-173.670356149014
-174.439058850268
-175.661558988241
-177.377003622189
179.556610939358
144.668776164052
62.8356597527286
31.1225116815041
27.8511402971917
24.8492992508685
20.9535663513781
17.8945647058053
14.7001713210482
11.5587516689692
8.84978181800636
6.52897564451514
4.47063773041963
2.70500934384965
1.23219550026243
0.720430912481237
0.895557860098693
0.247082031638067
0.266524319979213
0.859658276908888
0.256878283845502
1.01909211889633
0.88073694537828
2.31852543280114
5.13595856279632
6.78729864336908
8.1094733272806
8.82529816595055
9.43088342029917
8.51233928887711
7.9956280483709
7.74383158633938
7.95623881560642
7.4763627759573
8.92369003489251
11.1231427935458
14.573710451325
12.762240906511
6.13284520335518
-2.25346840004988
-12.0969354367398
-28.6721202540823
-63.5615568867968
-102.375775905446
-153.984701052666
-164.806375083779
-169.234932295241
-172.429707685957
-173.828552628382
-174.579787504652
-175.756661854922
-177.419380474965
179.624966127255
155.233415592672
68.9738786962574
42.4986556660269
36.4574973112782
32.7000065231431
27.6846417575283
22.6357546740876
18.4379788767428
14.8391187419404
11.7536139837196
8.99334034799964
6.56717488939893
4.28151929970583
2.28652769852432
0.718895731800894
0.515624889548307
0.507498871638626
0.080031820942194
-0.205439774053823
0.199614250097164
-0.443958353512364
0.37392897275427
0.343124340220239
2.06396917677393
4.70452134249756
6.43481088031291
7.83778272229921
8.54302275728212
8.21036532256381
7.71913121759355
7.35311607517057
7.88393175344205
8.76028941707552
8.54291364675966
9.14977465347101
11.0461311025019
13.240930186146
14.0946899288801
4.57625797969062
-4.11718194184332
-12.5352585932512
-23.2981270409769
-49.8659948390208
-84.1447478114762
-142.502122300028
-159.97519334646
-166.679735513406
-170.841704751399
-172.727919925179
-173.135931194335
-173.949437222611
-174.356850255844
-176.343666822225
-179.782451102544
140.371612912944
53.1023419653627
34.2282760670733
31.0025913670781
27.1578889485552
23.1460394980999
19.7685569750887
16.1591935252114
12.9576600405591
10.2161835495069
7.74388337893452
5.5125158530981
3.62109529644711
2.12166162295609
2.00240435330821
2.08477804724752
1.62179769398982
1.60916197223643
0.931867387242326
1.72973467238423
2.04958808072477
4.0573332247062
7.06808660015286
9.02473949500482
10.6895512536645
11.6407705836473
11.5211407361741
11.6394427449763
11.5256785762598
11.9399619485595
12.9639010515977
12.6413683366569
13.3638592822566
15.1991097709963
17.3345092133976
17.5249234489125
9.13632821812081
0.725282520696361
-8.77633235999688
-22.9518326941439
-54.4369754204612
-91.4218098865621
-145.379942542062
-158.996422294474
-164.771824782765
-168.427711748597
-169.622483454533
-170.097586200673
-170.930057315157
-172.257749488772
-174.588637969474
-179.861138655316
117.092288210188
67.4570320486953
35.3744138857403
31.0539451482548
27.3774829694866
23.0080075259663
20.0571256208586
16.8214501174516
13.6583453914712
10.9382452488874
8.57008001680711
6.3334872780118
4.51647326320305
2.98474723666019
2.16518298015472
2.29716299513113
1.57810849863967
1.59594472989032
2.1820358830491
1.70679773604029
2.45749875702078
2.53963445633787
4.27195753560165
7.48552301244181
9.42511400333394
11.0150679026876
11.8512804457737
11.9727731920431
11.9982865818665
11.8065526386006
12.1103715695936
12.4647900852778
11.8804986402953
12.9905939830443
15.0117420372215
18.2154454926092
18.2075818483231
11.0677178218521
2.95768742843662
-6.42849625316132
-22.3750487142931