-0.89472606460915
0.396698443317916
2.49864905737727
4.09660991228415
3.84863791237879
2.85953204614454
1.20617987799589
-1.15100048221729
-3.80157572353165
-6.34093947920148
-7.07575652806206
-6.4342483376713
-5.238089180231
-2.47414445973643
-0.572176144973188
0.48222343785578
4.69448264293264
-0.911814879202033
-9.90752285213849
-20.2599675563974
-34.8991833676415
-61.5014251856086
-94.5668258201345
-150.699461718228
-168.087911395411
-174.313978538682
-177.912722111193
178.558907041796
177.236711432895
176.112159739865
174.805827935917
174.08616668977
171.122130179117
127.471371454438
10.7266776284111
27.6298897776114
6.89424009991893
3.81375140904989
2.90017322731428
1.34819217701567
-0.347188030837239
-2.43324900924979
-4.45699040624534
-6.43559863432214
-8.14877881292579
-9.15862347352551
-9.39668047504945
-10.6553518191343
-11.6171849756702
-11.9588994549852
-11.7533510183933
-11.2442384776139
-10.6406794483007
-11.6220309529874
-11.0746850825051
-9.90727099299514
-7.26988189536162
-6.54992049884612
-6.73423605287198
-7.14359546886863
-8.58789205690204
-10.3931319549735
-12.2649788543542
-13.5227965799023
-13.004709804738
-12.1532375764095
-9.93865075840145
-7.4126078147683
-6.05740700189232
-2.92420791626929
-2.72784227619052
-10.8184956196494
-20.541877273227
-31.4548823667816
-53.4912045180868
-89.4403881868091
-143.604018694567
-175.957895243019
177.482064915706
174.06077362547
171.554503657526
170.529003664002
169.059408243057
168.256338857951
166.988793404882
161.240877429472
101.259662816878
22.5259184221987
7.96683924666168
8.56827004798631
6.48911124001066
5.051289734105
3.34349723789947
0.932596330052951
-1.58650618515317
-4.05128103650041
-6.28835798354085
-8.31538449622104
-9.20375581148496
-9.70251875729617
-10.8239966946955
-11.5612933436222
-11.7360283723819
-11.6313666543661
-11.3611862926199
-11.0926576860211
-12.1812519186117
-10.980009187573
-8.97531856034894
-5.96590338240358
-5.22969242851549
-4.88615963497577
-5.37577626323122
-6.51117946425526
-7.73203574697061
-9.26877470903191
-10.1519018815641
-9.44086266053554
-7.18675077948445
-4.01384899890871
-1.58851827324117
-0.581621221290737
2.09788050872973
1.46837844559608
-7.11820753843815
-16.7368825989959
-27.8718437214118
-49.710767595866
-84.3387909131704
-137.908081430768
-171.014780475879
-177.773059469399
179.145371323661
176.406139737927
175.347971731685
173.986328342334
173.128065835039
171.759463370566
166.84254302056
113.909236203818
23.7387624742452
10.5364536978085
12.1091594280074
9.62554599050948
8.32469410462704
6.81148001695591
4.25384040805987
1.58815847113219
-1.08636741137018
-3.56362916890197
-5.79749101969557
-6.88011659896807
-7.16840270146673
-8.34789762444858
-9.05387265872019
-9.21436658191945
-8.98182175865742
-8.58231478715615
-9.83205126599727
-8.86739489605963
-7.28054908621554
-4.33794869305931
-3.49427297483956
-3.07158081714788
-3.49782850090459
-4.84713360825103
-6.51415877439846
-8.48019122962221
-9.61768646995073
-9.13008034577584
-7.61529766470696
-5.12029116856282
-2.8542208968011
-1.68616588165977
1.40756020900638
0.970643246368939
-7.37490205227857
-17.7868312601665
-30.0006366556099
-56.4022349884285
-94.7611659430069
-149.9418981675
-169.76368006131
-177.254649807603
178.737674028297
175.44572435422
173.979250387917
172.551107611291
171.19999734998
170.107591090919
162.123840224073
79.6372871129504
19.9528096574985
12.6492411229854
12.156468213396
9.9623352244542
8.7242479118757
7.02142298275457
4.56100487176757
1.94032498849505
-0.754739644923196
-3.23208814337172
-5.38556807325453
-6.83919682956356
-7.41510593408602
-8.75021847377812
-9.64501310338385
-9.96614610230298
-9.95054667527596
-9.80022733266972
-10.9726840086323
-9.43233515985575
-7.07495439629009
-4.08410243990437
-3.18670212116046
-2.69596178572373
-3.22011331671321
-4.48344158167126
-5.67569091579267
-7.09037457922315
-7.93852381434549
-6.93525130481281
-4.44772653691034
-1.1209282025929
1.11401831758935
2.096413989624
4.86123672173597
3.2256011212636
-5.80394941017881
-16.059783522221
-28.3333867882612
-52.5001497717094
-87.1499232960148
-139.371604282524
-166.833564224727
-174.304873282833
-177.875082295132
178.985333472772
177.777542207392
176.54193261574
175.119292690581
174.271443104221
170.985359681662
125.501357253193
29.5376072172473
15.8593711119108
12.0487547971915
11.1308392819911
9.57647407809648
8.0603564401539
5.81758935320331
3.23201681234064
0.609295606113483
-1.94386822885807
-4.29504922060115
-6.24305672392515
-6.57112078794998
-7.90311644085511
-8.88772594837958
-9.339091525992
-9.34994730943581
-9.1462778855563
-8.80646174623056
-10.0442697371957
-8.97724595319824
-7.32773512826545
-4.14008411290509
-3.43304478995095
-3.09156642948338
-3.60957596775726
-4.96313867465166
-6.60067287350599
-8.50845174319489
-9.62330643322263
-9.02453176172362
-7.70830749592685
-5.07315440756052
-2.77384901735918
-1.54801469921039
1.83577544873487
1.01574134531028
-7.2989830903663
-17.7704107021757
-30.154605370003
-56.8635168111106
-94.4358828962616
-148.883097682439
-169.122740498288
-176.962800161256
178.940211375673
175.55522039681
174.068477096874
172.333099453883
171.166785741299
169.990128349485
161.907633202307
75.0594313781701
15.1485953853797
11.1174939681113
10.8541482066216
8.5902600431782
7.34076040806336
5.73879376198152
3.3745268457586
0.877097927680645
-1.71664074310279
-4.09292631908019
-6.14819774973113
-7.31604718897595
-7.94827266940287
-9.24447015594745
-10.0084387490255
-10.2221846838798
-10.1511087117663
-9.92715035437513
-11.0731141432121
-9.55360438216591
-7.28560883991559
-4.29127551366113
-3.44565589399214
-3.01955874825874
-3.58824679651004
-4.64183017495552
-5.83745140712679
-7.09587913820673
-8.06394221629246
-7.26217598913406
-5.16430390407411
-1.81647924088285
0.707279785260718
1.6726799692371
4.71984312926108
3.60663511757453
-4.60762950083213
-14.6414087287896
-27.0045796236194
-53.0940874712391
-90.8391050754981
-146.610426069695
-167.036292793372
-174.433243097487
-178.129446024385
178.583953770354
177.153182321681
175.721338126215
174.236005759574
173.0459061906
166.555892431777
94.1812970294884
28.957031412967
14.4020921376439
13.6521174054382
11.4342655341438
9.53040675568413
8.00694203201308
5.54632955962342
2.8991086003722
0.178581291743333
-2.43427927144337
-4.78009304246332
-6.41348293271473
-6.93469156588065
-8.27078079493031
-9.20361631288091
-9.55939421180887
-9.56039042147936
-9.37621834798049
-9.07556934861407
-10.2789117767004
-8.99998539403695
-7.07601225671699
-3.87048153730237
-3.11877608446751
-2.72987227730915
-3.39377353676008
-4.60674493248113
-5.92416458220639
-7.49179365380095
-8.49597867656129
-7.72232518889727
-5.6952039715825
-2.7083097787001
-0.53795618790943
0.504210147503348
3.65946055508756
2.09657206507901
-6.33440091951041
-16.8162816585658
-29.3665362679777
-55.8617193940593
-92.4898738961257
-146.376221803125
-167.031140696293
-175.088992183469
-179.154337106469
177.370883213612
175.869130314476
174.442921146616
173.07058712631
172.036190074061
165.324754957242
91.3125161624398
23.4204272934024
12.9729053197041
12.5400792093943
10.4131193541286
8.97449005668375
7.43641090916362
4.95848231491002
2.32207973143528
-0.387840413743053
-2.92891257697436
-5.16341711493752
-6.63725316890151
-7.24333278239754
-8.66066887559212
-9.53703911827052
-9.82999262394696
-9.83794295110893
-9.63488608063267
-10.9202754775886
-9.52925169076826
-7.39485150193905
-4.3164147242647
-3.56257489157974
-3.2122775485266
-3.88633208830017
-5.26506187807314
-6.69597716564252
-8.33437111374972
-9.38904357930626
-8.58188360149689
-6.59797557358444
-3.42592274433641
-1.13575856910416
-0.116547466752754
3.09906727354007
1.58654671973538
-6.65271210992447
-16.9435451050321
-29.3910313494609
-55.9119087074809
-93.3694501927928
-147.837185964633
-168.149363808077
-175.907648639039
-179.819603215287
176.816222651618
175.343882837634
173.998834938081
172.701704139962
171.79218184652
165.973817102511
93.8358896410449
24.4795194578346
12.385726176699
12.6313802341208
10.5334862109711
9.01427539901047
7.32923372007867
4.76310952578754
2.0877536887945
-0.642935967844449
-3.17039989881258
-5.41855474198509
-6.80931198737168
-7.43957475319259
-8.71086601941378
-9.56503478566977
-9.81804855661497
-9.76284154669487
-9.59695764084101
-9.36687293018997
-10.5725269672727
-9.23137892825325
-7.21537547096409
-4.07335220495944
-3.27968430445391
-2.87970443059247
-3.43490290349637
-4.67024611770668
-5.95897224366395
-7.57006702882784
-8.4250767074484
-7.57164758247096
-5.3634041531729
-2.26878294373781
-0.114258987791959
0.887797780714762
3.99277105608564
2.405131718814
-5.9748223236653
-16.3678667626883
-28.8752492367289
-55.1721450278542
-91.8293852802038
-145.947739132213
-166.853844180781
-174.839552711681
-178.842364436773
177.694676804839
176.190101697419
174.787762697774
173.341838851493
172.248653162804
165.576543790659
92.7296063011207
28.8501164696316
14.5078543547385
13.6640041490827
11.3892794915863
9.55925080251217
7.91100711657467
5.39834238403216
2.73148648383514
0.00658789203805679
-2.56643348591573
-4.85585429072684
-6.43904274652501
-7.057583779905
-8.45354520087216
-9.36014936272034
-9.68467118311141
-9.59211880045664
-9.41793562868436
-10.6476057595299
-9.22078334203546
-7.06611481822052
-4.01501112630914
-3.18516707478825
-2.85698020845069
-3.48342797270988
-4.81207662015976
-6.14702842027877
-7.80693682781499
-8.5659840596547
-7.67211237913365
-5.35617150170625
-2.14191290919177
0.0391212926161462
1.01249954918794
4.02215663312044
2.46603286063441
-5.92884437791857
-16.1408490685587
-28.4999520602575
-54.3243996980611
-91.1044757304231
-145.4151395734
-166.999221556
-174.902174885005
-178.752077059504
177.84505123821
176.388386499953
175.009505837402
173.610187107246
172.583917247344
166.247325680819
91.5636752923773
25.9786953173774
13.4281931328842
13.106749944725
10.9997332932839
9.36161799733277
7.64538164307441
5.11577161619837
2.44326995510975
-0.268239182408419
-2.82877179241294
-5.09873943840985
-6.4968489217839
-7.06200017501891
-8.3179581622449
-9.17129059448333
-9.45891272270224
-9.44314114983118
-9.24854426547072
-8.97307271849856
-10.2049215031749
-8.93012911835989
-6.98722975619882
-3.8243842619394
-3.08878884302065
-2.70642136312178
-3.26200947345347
-4.5535237873214
-5.98847674955721
-7.59828833287953
-8.71642246489459
-8.08096511987483
-6.21032905828811
-3.30570321087873
-1.05843155583737
-0.031792457341456
2.90247605146947
1.74053530502115
-6.87145583712821
-17.0677698033679
-28.9886191514497
-53.3871866417524