1.2296681307513144
1.3277756902114644
1.425883249671614
1.523990809131764
1.622098368591914
1.7202059280520636
1.8183134875122136
1.9164210469723635
2.0145286064325134
2.1126361658926633
2.2107437253528133
2.308851284812963
2.4069588442731127
2.5050664037332626
2.6031739631934125
2.701281522653562
2.799389082113712
2.897496641573862
2.995604201034012
3.0937117604941617
3.1918193199543117
3.2899268794144616
3.3880344388746115
3.486141998334761
3.584249557794911
3.682357117255061
3.780464676715211
3.8785722361753607
3.9766797956355107
4.07478735509566
4.17289491455581
4.27100247401596
4.36911003347611
4.46721759293626
4.56532515239641
4.66343271185656
4.76154027131671
4.85964783077686
4.9577553902370095
5.055862949697159
5.153970509157309
5.252078068617459
5.350185628077609
5.448293187537759
5.546400746997909
5.644508306458057
5.742615865918207
5.840723425378357
5.938830984838507
6.036938544298657
6.135046103758807
6.233153663218957
6.331261222679107
6.429368782139257
6.527476341599407
6.6255839010595565
6.7236914605197065
6.821799019979856
6.919906579440006
7.018014138900156
7.116121698360306
7.214229257820456
7.312336817280606
7.410444376740756
7.508551936200906
7.606659495661056
7.704767055121206
7.802874614581356
7.900982174041506
7.9990897335016555
8.097197292961805
8.195304852421954
8.293412411882104
8.391519971342253
8.489627530802403
8.587735090262552
8.583299425608239
8.568321362369817
8.539918968601787
8.497313514567349
8.449349896641246
8.403781374372736
8.363312718929768
8.321513880337914
8.290364101195962
8.281467098314952
8.296296924594131
8.314271923461416
8.335107716718849
8.339473866822571
8.335575476652965
8.330382993254965
8.309600152929749
8.306970751123162
8.362731653701973
8.491156773123402
8.726813524683024
9.160955885386455
9.933958684227388
11.034890215075
12.204930402997588
13.368427644312463
14.510955243088409
13.213766097010442
11.766758851729941
9.970459496288457
7.899703197784418
5.717287711013656
3.482076761007778
1.3070407093477654
-0.26898402755796325
-2.1277441192146163
-3.528406039239015
-4.835794254580407
-6.119662294912521
-5.010361988121061
-4.006373262238281
-3.4140330469766
-3.0768694044248996
-2.8547571378894885
-2.674814645446207
-2.514984217453143
-2.379704272380765
-2.2662643228833566
-2.171282522352106
-2.0909206006392176
-2.0237919366841433
-1.9686123214568496
-1.9250666793306166
-1.8766880326825477
-1.8266427703209511
-1.7838589698740364
-1.7618038889029441
-1.7581803575299875
-1.7582142267070906
-1.7678450899778273
-1.7786842676149845
-1.786163539182239
-1.777248008734655
-1.747356004988135
-1.7145964144146661
-1.6920235591770703
-1.6927269769103555
-1.706062772346779
-1.722361910875795
-1.7583594549275787
-1.767711509358908
-1.7184711479025259
-1.5961222052983484
-1.3629903082202113
-0.9174036392974334
-0.13188932213361856
0.9173482682046253
1.9835133381869237
3.037389124346439
4.0277827514672255
2.444518601536269
0.5460859120447158
-1.6422324228022753
-3.8941732456099976
-6.189616278720489
-8.508473476579734
-8.376047358969714
-7.459104096399839
-6.380733923024565
-5.280169448838874
-4.187071038360447
-3.098345609040556
-2.0738096594443416
-1.8578211065959382
-1.8168901247182283
-1.7657898855681065
-1.696246358960325
-1.6276905337272827
-1.5549766319019929
-1.4835691476122492
-1.4241066485570226
-1.3713288655483569
-1.324590871468867
-1.2849383487090762
-1.2509631311980602
-1.2172449291448468
-1.1764834090492329
-1.1432961768394927
-1.1225605758641266
-1.119409899024641
-1.117344887682365
-1.1154146730501062
-1.1208006029874364
-1.126676255745853
-1.1290894560039884
-1.1160442030652766
-1.0837508877399231
-1.0613286640447706
-1.0598933332852778
-1.085028791858302
-1.1331375976995819
-1.190620323539036
-1.265658042390569
-1.3444744944539466
-1.3675534044051623
-1.3307500888486212
-1.2235598255016629
-0.9972196299933668
-0.43008090575029784
0.4537566951457383
1.4718555580472792
2.488012494153526
3.4609614141212606
1.9243960512377276
0.10106375597120748
-2.040117134502131
-4.3484016809225885
-4.320410087261916
-4.303205995570638
-4.052923698681259
-3.208563526435116
-2.1929181554278685
-1.1834293297977443
-0.17848197110708486
0.8306643919676533
1.7234167437573347
1.9888208496771822
2.1580121832973234
2.22827800338545
2.294381475485847
2.359172500147645
2.423151845211888
2.4820997855928293
2.5271429446790403
2.5622250364077974
2.5867052757950413
2.59798523200348
2.595243065785988
2.5953740492667343
2.5929666535525935
2.576258440083228
2.535617938292281
2.484416059115357
2.4241294106637605
2.350354724700677
2.2773036519255934
2.2142468730989266
2.1686372994635565
2.1309606962810044
2.091161501095941
2.0376507638875045
1.9616795626570702
1.868713701672803
1.7708120592670211
1.6586707166008732
1.5596445931388694
1.5235323562196108
1.5600560969752224
1.6897767729236715
1.9802957281485933
2.6368816154146035
3.5776119973036247
4.579649524960126
5.592583813147166
6.573661738851469
7.464640402695901
8.046248258154254
8.309453482803844
8.39195361838787
8.423348964378524
6.054115115853945
6.175074459888001
6.713443790027841
7.5134018568837755
8.435374907814088
9.412473043934595
10.412221637445825
11.376554064753433
11.927295191718374
12.178097013293472
12.285554972589274
12.371190457995656
12.457625853016053
12.533573562761598
12.597685357416404
12.643604508209394
12.675696997977083
12.69671514764685
12.706322923108527
12.702235720710801
12.69371606602807
12.686357000117486
12.676723998800805
12.647029855790704
12.595102126722281
12.538798391341324
12.483570602182171
12.420041373810513
12.359848396833284
12.309690776709843
12.27887658830908
12.2575238976337
12.239029060221904
12.209359618419318
12.170682022044991
12.126930333348959
12.059671102209368
12.019295062267402
12.040664316610174
12.130283706235316
12.335612493783064
12.760701660887637
13.510643164828258
14.57319892538357
15.702647234673119
16.832863452290116
17.944986628366163
16.60966517447209
15.109591977078948
13.246558238918713
11.121969531463872
8.89571736747491
6.620853360373951
4.3831520165723745
5.321900579971447
6.439116726958774
7.551858200333336
8.65249404127162
9.766971408094902
10.878761512470174
11.817006044735297
12.206397729553277
12.42385974803199
12.570691973128733
12.711683257432293
12.8388584930913
12.950076834726637
13.048056774457807
13.134493064035073
13.20618971441969
13.260624965941217
13.295135509730539
13.3104378741918
13.319222017173608
13.328201722191576
13.3317903508389
13.316236131317272
13.28236465189804
13.251045189858914
13.213032286250648
13.180668153545426
13.166737654010857
13.180427237771749
13.21008240718838
13.253765797470123
13.294822354873025
13.324557254410504
13.347826111599378
13.367753064099992
13.37382953277692
13.401517387470212
13.49819850164252
13.673503968972488
13.931244847267166
14.331718630882548
15.031591166889246
16.050864419549622
17.193327884845264
15.954668078462555
14.672178238004147
13.264950530365825
11.52129995756183
9.485393134943466
7.2995833143748765
5.065062335716723
2.812509977876129
0.6670649346867402
-0.8425755069807772
-2.243350881446984
-3.5392978475936716
-4.81339790036581
-3.69162115072625
-2.596451852572023
-1.9192442756236405
-1.6621701177411776
-1.5008038738439742
-1.3445483569978383
-1.193759480844597
-1.0556127704396536
-0.9236667642173886
-0.8077440170826875
-0.7055482553624945
-0.6132348549887536
-0.5342589700293144
-0.4708299626094883
-0.410462524085043
-0.35371434707620275
-0.31491014382517135
-0.29969699899798785
-0.2928979297436276
-0.2926778869228355
-0.2921291339300325
-0.29959757207390014
-0.30333441852692467
-0.29682714847726066
-0.26775168774549285
-0.22781192885630408
-0.19162758787218404
-0.17021370567186422
-0.16550813285484
-0.16339597199036107
-0.17021749078010256
-0.17651380433700817
-0.12623687131896627
-0.019874767386003314
0.16780450584899356
0.4791992119751911
1.1152874215368174
2.101960370528482
3.256630675797731
4.413011279421011
5.539109963080326
4.186543879506787
2.604486404137578
0.694134421980992
-1.487515236010576
-3.7317171344511353
-6.008694627134605
-8.24765300206642
-10.067278327835528
-11.572765990184699
-10.537235155063689
-9.464563550322502
-8.380416918966983
-7.292064717759891
-6.505924526564371
-6.321226796627389
-6.231182526221035
-6.140168659643765
-6.042027393674799
-5.944720618497258
-5.847493304128344
-5.761590271490467
-5.690202145031877
-5.628463767667885
-5.578666099304729
-5.543511581901882
-5.522456143053161
-5.496930121740959
-5.47870962936161
-5.4774582068065305
-5.497601677568172
-5.5262209042183725
-5.559307483062579
-5.602727670182526
-5.646160911643215
-5.680274050766854
-5.694125697212421
-5.692545428923577
-5.694175760451945
-5.704355382751794
-5.734873952236973
-5.780002495104136
-5.8306100524038875
-5.896819891564284
-5.955280466475333
-5.958280545658638
-5.887675295325748
-5.721022535770448
-5.381636217054208
-4.652633174992171
-3.6582009758530254
-2.607675246947342
-1.5472493753420553
-0.5277090187064247
-2.029201455991329
-3.8883066116241856
-6.026020704173825
-8.265621524452959
-10.573086917260838
-12.901454138970774
-12.68223212011304
-11.912017232293687
-10.962782554073563
-9.941877582134028
-8.912186073822003
-7.879787578210006
-7.006506537452776
-6.82658787627215
-6.780756752519015
-6.706285467859695
-6.641127274054451
-6.574131817099145
-6.506570200027303
-6.44162495891246
-6.391627696876923
-6.353743689621703
-6.324020203865371
-6.306026812008913
-6.3019458315955195
-6.292416196877487
-6.287463997626961
-6.3012569399072
-6.3388213113024
-6.38558769837449
-6.441577365688922
-6.497584504956093
-6.562628215384043
-6.627435648339819
-6.6838089644422105
-6.72236439061838
-6.762498160737694
-6.814238668789469
-6.886342636029339
-6.973367410583493
-7.064395926518359
-7.167819068499013
-7.269672618246592
-7.311962707196396
-7.291975769489798
-7.180135494594901
-6.915639447509228
-6.312337788171053
-5.398764844629686
-4.327402423345441
-3.2521341705782856
-2.200709292328761
-1.1956566934104167
-0.305379945293592
-0.25133092320492256
-0.19728190111624588
-0.14323287902756832
-0.08918385693889164
-0.03513483485021496
0.01891418723846261
0.07296320932713929
0.12701223141581597
0.18106125350449265
0.23511027559317021
0.2891592976818469
0.3432083197705236
0.39725734185920025
0.4513063639478778
0.5053553860365545
0.5594044081252312
0.6134534302139079
0.6675024523025854
0.7215514743912621
0.7756004964799388
0.8296495185686164
0.883698540657293
0.9377475627459697
0.9917965848346464
1.045845606923324
1.0998946290120006
1.1539436511006773
1.207992673189354
1.2620416952780316
1.3160907173667082
1.370139739455385
1.4241887615440616
1.4782377836327392
1.5322868057214158
1.5863358278100925
1.6403848498987692
1.6944338719874468
1.7484828940761235
1.8025319161648001
1.8565809382534777
1.9106299603421544
1.964678982430831
2.0187280045195077
2.0727770266081853
2.126826048696862
2.1808750707855387
2.2349240928742153
2.288973114962893
2.3430221370515696
2.3970711591402463
2.451120181228923
2.5051692033176005
2.559218225406277
2.613267247494954
2.6673162695836314
2.721365291672308
2.775414313760985
2.8294633358496615
2.883512357938339
2.9375613800270157
2.9916104021156924
3.045659424204369
3.0997084462930466
3.1537574683817233
3.2078064904704
3.2618555125590767
3.3159045346477543
3.369953556736431
3.4240025788251076
3.478051600913785
3.532100623002462
3.5861496450911385
3.640198667179815
3.694247689268493
3.7482967113571695
