-1.20101402201426
-0.969570030539898
0.43197827873798
1.27570343172595
1.74375923868817
1.61945379533561
1.39267831253301
0.245374208635676
-1.33566031600954
-2.68492327164187
-2.85915706662959
-1.70478425907141
-0.276814596533488
3.04375687688665
5.18302404643652
6.05031724871129
9.37353933003203
8.08193831825513
2.1632861263041
-4.40263210594125
-14.1500536261952
-34.5742914211053
-79.3892579783257
-131.503916826246
-162.686209671206
-171.776608575214
-174.851549311273
-177.845412601992
179.931263161615
178.34928371751
176.226979900328
174.724966803585
171.711073863188
156.802229364676
69.3923499306554
50.3238584886769
23.625264456416
15.189219108501
11.138745477239
7.84710747578465
5.15954387763118
2.85182586482225
0.626988122457492
-1.76280137640773
-3.97512460812398
-5.97700475055165
-7.64070400294176
-8.09472097976713
-8.52114521427806
-8.77373647207205
-9.40032545956219
-9.47871023607063
-9.39999813739391
-10.3748648585191
-9.07474655768741
-6.8168455492739
-5.29951873797673
-4.31470971087653
-3.57250640966568
-3.29789378891742
-3.23101593173717
-3.14367133825188
-3.14024373017126
-1.97658719044386
-0.492813050750219
2.73926576288338
8.3500704029619
13.1687728535857
13.926863499316
16.9990765763804
22.0341974979844
16.0131299354361
4.72507855030468
-1.70314370817767
-13.3656902218933
-37.427570828313
-85.3368186656135
-139.661352529344
-153.625331029593
-153.493694782982
-156.28441967141
-158.671024817362
-161.822250817085
-164.867526552216
-169.638331263981
175.282030856665
75.6157670484053
36.894944546607
35.9287375987809
23.6359424303791
17.503434064042
14.0470706817277
10.9551072857412
8.01269119471048
5.1013735504034
2.25331142462588
-0.713253354814677
-3.21478798166725
-5.09745278809258
-5.12272514459506
-5.55258406588171
-6.02893261684115
-6.43522521707803
-6.72072421377252
-6.90213902791578
-7.07338983987973
-8.68151806946268
-7.32973181539177
-5.58242204553181
-4.2311843054857
-3.3362627605081
-1.98626915738687
-0.584800903063714
0.723394804969936
1.90981480064675
3.77815045040717
6.97722527363375
10.7253321721192
15.8075457716154
21.2708104396165
25.4598887395245
26.6816859696852
30.2597576055929
34.1962519493401
27.9951404305248
18.9984789577186
9.68873850662066
-1.57474790259944
-19.6324490544906
-61.0848621812136
-121.540404941861
-139.432130918087
-149.443932939471
-148.92563744153
-150.409897660211
-152.41721308465
-158.325402810538
-174.79159206045
117.528181988696
29.9989523884784
12.575921815764
13.5954877152409
13.9031785731975
13.0680882511331
11.1921846396094
9.23607947420749
7.03403005237151
4.61832288509887
1.73863279497867
-1.13713916103051
-3.75672320018156
-5.66765625016726
-6.451700504467
-7.22492659917578
-7.78221806799557
-8.12457687155196
-8.37755326650866
-8.48324526402798
-10.1855665413414
-8.96803122339286
-7.36286393946952
-6.08785214270536
-6.01070044023284
-5.9264180506896
-5.7730454069517
-5.78895738674211
-6.53535807208069
-6.49402671880947
-5.74054404536557
-3.14699219591885
0.453407259454297
5.58745598342418
9.7539515456724
10.7466638952636
12.8219724510761
17.1234945633416
8.87588484913097
2.2167836820228
-1.01387274982726
-5.53627853492867
-21.6389382496223
-53.2147159199851
-122.881755974015
-158.513386481377
-167.14505676018
-167.40235862564
-170.416401294041
-173.639745875593
-176.331209164324
-179.042999582769
176.989303148503
166.217254970786
125.221507349625
47.1929972147604
34.7685490201017
13.0722171674157
7.48398519007513
4.07323796024833
1.54468430330586
-0.976722943328177
-3.11109816682199
-5.07834338224147
-7.00109613737138
-8.86814134427738
-10.1910210948455
-10.8919794307093
-11.5915316322282
-12.0723818618129
-12.3381086275979
-12.4344796771657
-13.903755082711
-13.0312281819422
-10.8739482698693
-9.38798401685324
-9.00082499382772
-8.62294432652908
-8.17994681666642
-8.27983976839649
-9.0349875442465
-9.75624658933068
-9.32293131891488
-7.57815463302164
-4.91348127565859
-0.4338760642818
3.87415615154128
5.29655590648513
6.94257495485021
11.0203075522025
1.78438585086523
-1.28305780408351
-5.44447319408119
-11.904778374282
-30.910175554843
-70.1453915342319
-136.383694094387
-169.017969319773
-174.467495213559
-173.081694257819
-176.269135219668
-178.95771529609
177.810214297059
175.063568364019
172.827678552004
166.47524688799
138.433752365701
46.8331099684686
46.2709183546061
16.9982586071246
9.28835322690452
6.56539068982498
3.45608126076695
0.384909740959938
-2.11278717757656
-4.21525428870639
-6.3396030458802
-8.61119288755061
-10.8926773057487
-12.1417413694358
-12.9488953497701
-13.6335414280503
-14.1877198138515
-14.5068229878061
-14.6836541035864
-15.8333382436557
-14.8478154720221
-12.5498237612147
-11.0218066712931
-10.3474918954969
-9.67620369620547
-8.99418452596451
-8.53668918251585
-8.52345738961496
-8.6236949946935
-7.47264733097757
-5.62942235049413
-2.25580865545627
3.18717162391205
8.40456660610922
9.57584354914339
10.9983284969978
17.6438555553133
9.22956817119499
2.0520996738964
-4.04578401671362
-10.1912926787632
-24.6122234871554
-52.5489115597639
-122.937419703119
-154.894078049688
-161.422814224345
-157.661008758181
-156.107186790612
-160.856476162087
-166.002818797628
-170.143630192393
-173.547901624988
177.609638314062
138.964030002126
49.7994994655234
40.2543280153458
22.7408024909731
11.7958624723618
7.31314347176545
4.91873797861033
2.37418934604971
-0.0217524614690729
-2.49163249265998
-4.91494444747905
-7.49481741427905
-10.0195561982844
-11.6217642102731
-12.3616981683362
-12.9512368882588
-13.0688231413539
-13.2438503573682
-14.683966486993
-13.3806049504094
-11.1416981104562
-9.66950169997486
-8.56765371678745
-7.05057997711268
-5.69498825761881
-4.27026573025096
-3.07763986744377
-1.53257665610865
0.990515167357091
4.74292148498704
9.72990456507716
16.4147492105608
22.3170077640123
23.4750556167657
24.0744659359277
29.595280236597
21.5927210112434
10.6283006808264
4.37597175792327
-5.18964900025619
-20.8786145741064
-52.4346068677583
-107.377313595458
-133.904112842172
-141.365557322233
-138.740622481755
-142.620809165298
-146.389047360673
-150.265681800496
-156.492157987158
-171.33903747481
92.5602931820127
100.875322124935
32.2624666710981
23.3603154970472
21.054473169878
19.1478300505048
17.4389920697238
15.1325645230925
12.2884403371686
9.11412469956481
5.9250999810794
2.87915099800042
0.36300895268167
-1.36405850737877
-1.97381040581363
-2.74398571701477
-3.43373841070839
-3.8327774386578
-3.89261096995273
-3.86216239057589
-5.23438270129077
-3.69883420555215
-1.5942367022759
0.251781979667722
2.06914383682329
4.39692771442676
6.4960278497359
8.4197055793439
10.6495079328954
13.5640322312725
17.3755612007217
22.5081447193117
28.8536193657107
36.900354278256
41.177567499421
39.9797937116377
47.4413938146554
45.7155633230301
40.3991770445644
30.3309481892638
11.5532793827847
-12.327741984899
-40.0817689419682
-76.6325315648363
-97.9062810313932
-112.079876853373
-117.391636516294
-119.648147153473
-122.587313386462
-126.137994865257
-132.165345492476
-146.75643485937
92.1744722238314
60.8457158865096
67.6463893047566
48.5946279294573
37.3456874881964
31.9961811268957
29.1930663985624
27.2962042358035
25.2856538491504
22.9768863043471
20.4173429020981
17.6556081000934
14.9464179640047
12.5644241813775
10.5566374701737
9.36190592314486
8.59130890637987
8.24703276358635
7.98353353063368
7.85721390982007
6.3262806748347
6.3763695540991
7.22261646004606
10.1179022635616
12.9255429627146
13.920792439175
14.1221962952994
14.0212313695878
14.2180988630845
14.7281038985996
15.2043691968238
15.8521058065744
16.3705464499279
16.7255556027652
17.7000089035752
20.0072139481603
8.86303235781876
-0.92777031221847
-11.1039288964419
-29.6443660318932
-71.2590968972063
-101.587026028275
-135.963924318985
-149.527696134233
-156.741584009282
-162.580116734538
-167.10641713161
-169.464335926613
-171.103044337297
-172.960857746161
-174.301139530748
-175.537909920439
179.189764098315
130.337904205808
46.4770139323097
19.6685424397219
15.4281443755873
12.1306935257932
8.22870085831743
5.58794873295796
3.2658652610397
1.13472689760541
-0.629427632757184
-2.24161746691994
-4.00846039626003
-5.4430402415983
-6.23925817634696
-6.52884363039283
-7.04552096971924
-6.95123970221277
-6.6352121201825
-6.03590244771217
-5.35274882214828
-6.52164099382019
-6.12126398771132
-5.78420385745332
-3.45674919221095
-1.65057306876696
-1.84914641065437
-2.56856198553568
-3.99618837103989
-5.86147694615331
-7.08469524437851
-7.46871298731028
-6.69067638287495
-5.52107170576379
-3.77265214737307
-2.38844966072921
-0.66999344476025
0.801867253391616
-11.3908362495285
-21.1501365559866
-30.1134688428598
-43.4653621619356
-75.3154979970426
-107.686385620784
-146.244977227399
-169.496313706079
-178.241417824046
178.582021045119
174.803106559865
172.535990363281
170.602332051075
169.103946388559
167.899880579862
167.448710995026
165.241049674901
123.907772826364
54.4262641919008
17.7463280300162
9.96808309240055
6.41890046458937
2.84385562975128
-0.264177658036665
-2.82243225536149
-4.94796255699824
-6.84490514107128
-8.69150877578118
-10.5790487120372
-12.2519913615403
-12.954342951887
-12.8061025691376
-12.5954468223996
-12.4111035632683
-12.1621312076505
-13.6545440174436
-12.978011939736
-11.9021184376109
-10.4174999119053
-10.0449594066145
-10.2814939536998
-10.3527276337857
-11.378591953001
-13.21783181972
-14.9521403878103
-15.9720077971196
-14.8227995839823
-12.338294004498
-9.40345969253951
-6.7833304993207
-4.59046052238655
-0.22645731856346
-1.26135621645261
-7.47165962660481
-15.2016942451274
-25.1214686596295
-53.9321383630924
-109.155132701347
-163.062503686875
-175.618986510869
178.594175395748
174.003596768481
172.957311557501
170.566187737542
168.473765454328
167.914939630955
168.440208286756
165.461677765977
127.935874918277
20.1622691198773
6.99735392671586
3.30942982918072
2.42398360830451
1.60939620268407
0.125840392730408
-1.84508256013659
-4.17360003674089
-6.39008424749967
-8.56730220939349
-10.657220114746
-12.5781081229305
-14.1993749904561
-14.9347486515523
-14.927391004787
-15.3716823516859
-15.6367804863663
-15.5791807189229
-15.3954013543382
-16.3869041546472
-15.3560959749258
-13.136070546754
-11.885628676782
-11.3948230278422
-11.1425704754795
-11.3404814356326
-11.9291211587465
-12.9682074559941
-14.1851126249829
-14.0586787501971
-13.0070570707972
-10.714471125619
-6.2664819006147
-1.7864814221909
-0.0928451421583786
1.84216190745111
7.6478275180864
-0.346021217229123
-4.99025810967233
-9.32993270427299
-16.0780492149389