0.643928590047787
0.84203986338774
1.1438003546712
1.50632050935293
2.18042887704542
2.90056496368035
3.55976044069493
4.2753992785791
5.63908368451423
7.74655129387271
9.86896546300611
10.626311422794
10.1420673746838
9.80830915529499
9.81700174529741
10.0088664291474
12.5158712816121
12.2625588479794
8.16758031124346
3.26372935955488
-1.48830584460253
-8.0874970902926
-23.2461120064232
-66.469491695948
-134.790187694504
-158.058870245709
-167.470085076159
-170.596856348259
-172.577655642069
-175.290738712256
-179.44048133356
175.296717764538
169.364986485232
158.150600811242
125.869759233955
72.4855445261879
51.4102131593574
40.9540062343017
36.0358171535914
33.2914492719587
31.6000103093696
31.0943424124546
31.087475563532
31.2330390163267
31.5998485436814
33.1981600879259
37.3981951049812
41.5872955476171
45.3337638995176
49.4238149899119
52.9250809049594
56.6860342062152
59.8760428107632
61.9847603704558
61.6904540077108
60.7468093393358
59.6476327646476
58.9626570836407
58.33787058789
57.7393016307775
57.6013030256692
58.1571553939861
59.4715615531856
60.5950667947186
60.7118194261442
60.0632210243528
59.7943469657453
59.8632750081765
59.9451323610888
62.1112396206863
61.7794236354219
58.8017279729278
54.4512225008961
50.2145942004081
43.9914269098659
29.7191064710719
-11.4034508451585
-83.2435392232507
-107.161539697788
-116.643280554462
-119.917050496271
-121.867117482682
-124.6655943816
-129.491087222212
-134.893175943294
-141.311338527098
-154.174725015969
176.674531028243
128.944447125997
109.466548998005
97.9656933976993
91.7035969595739
87.7764369885947
85.0923429265791
83.6135913145455
82.6022310407844
82.4193740851281
82.8988512506675
84.1688297548307
88.1677543728984
92.0002388202884
95.1602346880017
98.5878288713993
102.655849690473
105.783730300396
108.34556129716
110.124798979619
109.90501726136
109.124176842085
108.071546521595
107.28647211667
106.502850300078
105.664889607443
105.310386582676
105.48543195132
106.070521043868
106.201993269669
105.412621249289
104.159806410357
102.933507270301
101.798921577559
101.245414232298
102.564209175218
102.238816372441
99.1721676474686
94.8005020643311
90.3679133890531
83.8642431381973
70.1264355977657
35.1750657987126
-34.294831734017
-62.8712718962424
-73.9081077243316
-77.6814476727208
-79.9870483268217
-82.6915387535077
-87.2184727112267
-92.9848582452635
-99.0269313290683
-109.631324136615
-135.72762739933
172.460588408203
149.413015020893
138.015003760652
132.158851306675
128.581911358669
126.242163733301
125.167460950669
124.619644896192
124.557166910437
125.113129152087
126.872141107512
131.974107485059
136.393770854308
139.997538595317
143.999993723663
147.706403241293
150.96071638423
153.738954308194
155.704151675273
155.482745207539
154.570538682807
153.545355053018
152.875547171388
152.153373587512
151.564754137132
151.581582348968
152.316384357626
153.379943597983
154.340484737588
154.383782850338
153.574553546833
153.014528376999
152.711390804979
152.457478429102
153.984021262249
154.709047740754
153.040304212493
149.434802520652
146.605906974339
142.580120880988
135.23864054492
111.939101269378
15.4257459831347
-16.3243540665741
-25.8472381475373
-28.9023773783015
-30.6165098249388
-32.7428609390483
-37.0026049051367
-42.7556774351748
-49.1485530485657
-61.7773938588294
-97.3876712263374
-142.843900017367
-159.667285421048
-169.181446864575
-174.443346330663
-177.847809282437
179.784304278964
178.525750501968
177.623770062626
177.546310329946
177.950786856588
179.060295036226
-177.221573571067
-173.553498708399
-170.260751514689
-166.836970274566
-162.949139222488
-159.874872021292
-157.269776662901
-155.433672863393
-155.579696211425
-156.318017876354
-157.412028293425
-158.149059285341
-158.855385136296
-159.57918298086
-159.837167314272
-159.635101238713
-158.97068113968
-158.668376240728
-159.360970990935
-160.474296031057
-161.273330035396
-161.759165406961
-161.694892818071
-160.210574849983
-160.269772899934
-163.295744596354
-167.609250270194
-171.439576165339
-176.849846154054
171.799813982525
142.48818329918
63.0646581369801
32.0687651301288
21.4492604736268
18.0562466724804
16.0752014659004
13.5968548555325
9.54834302231973
4.15082393114765
-1.67931902875627
-12.4356094190494
-43.0024989879393
-95.7712948623866
-116.397430682546
-127.034110056112
-132.394606301577
-135.659927837481
-137.805184953954
-138.737834951552
-138.95585400342
-138.730319104849
-137.918767444121
-135.629510072321
-130.095489191924
-124.807608366299
-120.034372389646
-115.373615636736
-110.894835391391
-106.825239814217
-103.286447588457
-100.843198461188
-100.703311033817
-101.338180596126
-102.194612751346
-102.593938901748
-102.990446985827
-103.287622215806
-103.182217909678
-102.410843306845
-101.105462605573
-99.7895772412499
-99.6067416877736
-100.052031340203
-100.183840857058
-99.6630598140836
-99.2850129602014
-97.2970082064079
-96.0984939917692
-98.0294368876921
-101.738365090656
-105.210657620627
-109.993798105471
-119.304733669454
-141.866025754758
134.132959666122
96.9555210502496
85.8449163549254
82.3155718463845
80.3892076393026
78.1733516669167
73.998983227567
68.355838157221
62.2348995266761
50.444043270308
17.0177811863543
-31.6341296236952
-49.841760109445
-59.9636560462865
-65.5255246796925
-69.1406436862453
-71.6363654685806
-72.9235726964973
-73.916601105693
-74.2123266517965
-74.3261419674434
-73.8879383393032
-70.7562791403212
-67.6698941134628
-64.7485326623633
-62.056772193771
-58.5702805030136
-55.7523468008155
-53.3341532275418
-51.5627199205829
-51.9002107723128
-52.726707715014
-53.8239848410311
-54.408945659335
-54.7411267210799
-54.9774314832931
-54.9568122255811
-54.1639030564953
-52.4783812053331
-50.9039502035715
-50.1694900486881
-50.079825535286
-49.5854817510141
-48.1695148648274
-46.6808638077178
-43.5743605078835
-41.2428962270944
-43.2003188846472
-47.2369277524895
-50.7598725333203
-55.4380371173419
-64.2012918233518
-92.7723235804808
179.924233729882
150.418736439564
140.854057307176
137.900223838923
136.190186380236
134.030961200431
129.670795578658
124.522195516888
118.763914093296
108.549378204612
85.4072845975737
31.1964498274419
6.43259089234773
-6.03151957080721
-11.9985935254231
-15.578476329183
-18.0132206416805
-19.2144110524955
-19.6533889282899
-19.4977876548065
-18.4218150373367
-15.9753596560717
-10.9604846538707
-5.99991380566429
-1.72149639674518
2.36588907145659
6.25082233194277
10.4170534213323
13.9407981204613
16.453666260217
16.5900169745237
16.2007765062456
15.5852791928681
15.1309763915021
14.5557342329374
13.8510929103759
13.5475173305194
13.7243320456371
14.261772274622
14.3440414654413
13.3783660445955
11.989761674401
10.461985823364
8.80298846925365
7.92530056458449
9.22623803781413
8.90424456817353
5.7074730531268
1.23064364739568
-3.5921089346667
-10.6670710583954
-25.4544647321062
-62.180268280853
-127.561585804896
-155.34081113873
-166.600226086893
-170.529065455299
-172.951464072295
-175.752538640666
179.660527635994
173.889868906602
167.890142278204
157.649050299424
132.118730929487
78.6058941538192
56.4819837760111
45.853550339558
40.4657836311623
37.2083695249441
35.0881669240305
34.1579315633684
33.8789947216931
33.8462568266062
34.4895804118045
36.3773301962933
41.4308711214839
45.7516878449556
49.078068903469
52.7696057961783
56.819143237302
60.026430639269
62.5052658529936
64.0541484317922
63.5673229085821
62.5609734673837
61.4574075014365
60.6927442147014
59.8606909725519
59.2074130299867
59.1388539056991
59.7030510656643
60.457777415127
60.9883189348454
60.578816691463
59.3866124433299
58.1359363398772
57.0760689017981
56.2296596841622
57.3003567346514
57.8863845439369
56.388264110382
52.8879614012333
50.0869650219812
46.0771996176684
39.3762432095742
18.9052128356863
-79.018132462882
-113.908125262056
-123.687500635455
-126.845380971544
-128.547970149487
-130.677806028006
-134.960584337841
-140.717521662101
-146.976911271245
-158.701669626372
167.955767130975
121.250643150741
103.625660910939
94.1937706701141
89.0737583404352
85.8175352974894
83.4899879687631
82.2124616453516
81.0957881932718
80.8215284494362
81.3236673988618
82.8607487446308
87.5853097398661
92.2646596549136
95.9636018391806
100.166101382334
104.285697973486
107.674154042167
110.447816333808
112.331637153393
112.192904625187
111.492696872527
110.612661298379
109.950520981006
109.208729074274
108.409408645815
108.050728770065
108.18053373401
108.676759501784
108.780759091541
107.851594098974
106.441742917532
105.12500131153
103.98325498669
103.229511157845
104.268073157529
103.901952761468
101.063545851296
96.9682027014678
93.0886927137361
87.4898452772942
76.4402133502838
49.2377268546694
-29.3252861959072
-62.8290668516846
-74.1581211654297
-77.8928604233801
-80.0390866350094
-82.8832988039002
-87.208429852973
-92.7828681709914
-98.7881365290036
-110.176582682776
-144.842684498291
165.767394530388
147.879402356815
138.254342428357
133.300509187659
130.296664369132
128.33457687191
127.499222253066
127.148955574952
127.408034260204
128.153053389995
130.187068480046
135.476682703667
140.623736578887
145.023153756613
149.73736630381
154.70803124547
158.377888856625
161.416960688792
163.377408512841
163.233662446957
162.43283850364
161.462166722398
160.91274127231
160.339250854147
159.798840364057
159.724761221062
160.252478369707
161.146427472301
161.875779822134
161.727655568959
160.937602848597
160.42074879675
160.31120467543
160.141370969731
161.699161993563
162.17125339554
159.975225728582
156.182084278002
152.69966884677
147.729391299665
138.08532931888
114.524654086783
31.0031666313002
-5.05664387902549
-16.1563641778848
-19.7425798653583
-21.7134948050971
-23.9500083625444
-28.19309958666
-33.8809422631606
-40.0619513136448
-51.722945933812
-84.3627432924468
-134.282537179037
-151.876268239808
-161.689163715654
-167.16403315952
-170.741894953135
-173.23243021144
-174.540487399073
-175.540348030787
-175.754280017223
-175.730418888204
-175.066721288243
-171.929293653972
-168.929204129578
-166.361754503532
-163.558818379378
-160.246260283957
-157.464540013621
-154.985757756106
-153.065994346245
-153.299810317833
-154.24219778287
-155.300512821621
-155.88287673725
-156.289238167582
-156.632797697648
-156.659336417924
-155.964550722967
-154.500537114095
-153.247502823674
-152.889933950597
-153.103071929927
-152.811575736624
-151.769540681963
-150.612775763597
-147.974429757822