22.456253712876162
22.16656660328138
21.8768794936866
21.587192384091818
21.297505274497038
21.007818164902258
20.718131055307477
20.428443945712697
20.138756836117913
19.849069726523133
19.559382616928353
19.269695507333573
18.980008397738793
18.69032128814401
18.40063417854923
18.11094706895445
17.82125995935967
17.531572849764885
17.241885740170105
16.952198630575325
16.662511520980544
16.372824411385764
16.083137301790984
15.7934501921962
15.50376308260142
15.21407597300664
14.92438886341186
14.634701753817078
14.345014644222298
14.055327534627516
13.765640425032736
13.475953315437954
13.186266205843173
12.896579096248393
12.606891986653611
12.317204877058831
12.02751776746405
11.737830657869269
11.448143548274489
11.158456438679707
10.868769329084927
10.579082219490145
10.289395109895365
9.999708000300584
9.710020890705803
9.420333781111022
9.13064667151624
8.84095956192146
8.551272452326678
8.261585342731898
7.971898233137118
7.682211123542336
7.392524013947556
7.102836904352774
6.813149794757994
6.523462685163214
6.233775575568433
5.94408846597365
5.6544013563788695
5.364714246784089
5.075027137189309
4.785340027594529
4.495652917999745
4.205965808404965
3.916278698810185
3.626591589215405
3.3369044796206246
3.047217370025841
2.7575302604310608
2.4678431508362806
2.1781560412415004
1.8884689316467203
1.5987818220519365
1.3090947124571564
1.0194076028623762
0.7297204932675965
0.7245291467151638
0.7015598491450987
0.663149564012218
0.6109041302104556
0.5612269794348549
0.5214069784824
0.49622348720048803
0.47699936377269303
0.4805646194586828
0.5071720624874381
0.560345320034116
0.6187041872089585
0.6769281091068396
0.7188840590768896
0.7458297645895958
0.7738093660079011
0.7897069281294978
0.8820154562035349
1.0261451970395399
1.2407463654186628
1.5605354956188426
2.0730639013190992
2.7529851696049543
3.721228047127151
4.918294952475989
6.106804745886377
4.851881482277066
3.503812153206078
1.9324607489706727
0.16038376860825543
-1.8997117748630155
-4.125372904582597
-6.38704555494581
-8.616963584981615
-10.252153366290976
-11.679409244336505
-13.005550873539962
-14.298106881315821
-15.563160604174362
-14.43044510776841
-13.62112345771085
-13.28102506358029
-13.081443575000746
-12.906950829094813
-12.744559448864752
-12.60314653527722
-12.472023785149958
-12.354503125772624
-12.254023915489665
-12.16787372600468
-12.094249497178184
-12.036833241205574
-11.995930104370101
-11.959894033049313
-11.936188395879261
-11.930618753197951
-11.947662972731639
-11.96771564944348
-11.985335894327228
-12.003054052538864
-12.003742843279431
-11.991570929565126
-11.951211258871627
-11.898659011019443
-11.84334891672171
-11.79605315925321
-11.76788721240775
-11.761603710669013
-11.762001199994366
-11.775518204236864
-11.754894139056512
-11.686248420236849
-11.5404012284457
-11.277249561340037
-10.772627019289756
-10.03115573602007
-8.994375587514751
-7.8742501581661495
-6.792793017961608
-5.800132091824543
-7.407840305717451
-9.210361282854024
-11.317375243948758
-13.5540234441111
-15.84357356329331
-18.149682907614302
-20.163879307209484
-21.59135472432471
-22.94050835447222
-24.271090019560365
-25.58185249898112
-24.503037465786708
-23.832626313551685
-23.5902635847778
-23.454717392628915
-23.32363490813181
-23.20392960691547
-23.094593687435246
-22.990351197738885
-22.899977102091846
-22.82778930601508
-22.770496368419973
-22.727225857507563
-22.7014977143218
-22.692696284547765
-22.695801697788227
-22.695157196021082
-22.709661716234365
-22.735322097566733
-22.77948213555247
-22.831114935026356
-22.885104495836714
-22.943643723944113
-22.9878069770284
-23.02240642552409
-23.0291072296197
-23.02166190049596
-23.009845407432984
-23.00355977378112
-23.011746846153155
-23.03380233472826
-23.063230298780933
-23.10250516775588
-23.114183309237795
-23.080665676479004
-22.96749825238584
-22.735124496416894
-22.27631351373964
-21.602163946642605
-20.65101244074497
-19.560670405755175
-18.49726027521045
-17.518308296766765
-16.749992558081733
-16.182667747321357
-15.912147447970597
-15.807751988645203
-15.740909380331061
-18.06130025602505
-20.05747475548982
-21.578246631828822
-22.939921053773833
-24.27063780419429
-25.582879616086494
-24.504291299729577
-23.74411846534495
-23.447410287504358
-23.29253480467521
-23.166986345667464
-23.05123454750118
-22.951710230061295
-22.8581346215203
-22.7730126858296
-22.704622386719937
-22.64775650666041
-22.60472045684505
-22.57909781629587
-22.570794501539545
-22.566491650987555
-22.573178070943115
-22.594133088038344
-22.64006373453253
-22.692839253772647
-22.748989364463963
-22.808517482583007
-22.85260137964382
-22.886575799894683
-22.89201689754753
-22.883454364085768
-22.871210487464907
-22.86355397518279
-22.870286721660122
-22.891379027447908
-22.919607137374648
-22.956590465717806
-22.9625329811573
-22.92232682760186
-22.800506358799378
-22.55408360831188
-22.077162965981717
-21.385541884928948
-20.428668865694984
-19.34771901875922
-18.297172363650525
-17.343063442904736
-16.559215433046287
-15.9795408711065
-15.718091300048679
-15.606988363857804
-15.536078893387456
-17.85990429724778
-19.863729144405994
-21.390074336517163
-22.766426218596013
-24.108508073200927
-25.430744561079898
-24.35089146903312
-23.564011521419484
-23.278938793162954
-23.132382262085276
-23.004369430916544
-22.886678607322175
-22.78544637112055
-22.697335201773463
-22.617345327788527
-22.554983885970728
-22.504959896245676
-22.468845377838708
-22.450027710181196
-22.447298634863714
-22.44504942585017
-22.453208859248214
-22.474754316668257
-22.52151368566784
-22.576542820630255
-22.635841286910022
-22.690775341700974
-22.744680831083283
-22.785475293206634
-22.815071672756687
-22.820662724104523
-22.82258509775688
-22.824744344567307
-22.836810034845676
-22.867594100168738
-22.904011440100284
-22.951735101500972
-22.972544207224523
-22.94407703464754
-22.83846804172638
-22.608148221817675
-22.123048945987478
-21.433418631011275
-20.42973974756974
-19.3211857466203
-18.19984542962755
-17.112564133338058
-16.109885408902368
-15.328553321750594
-14.750980428945004
-14.473066082994473
-14.367119822642547
-16.66279219563946
-18.554123797999505
-20.017927986667626
-21.359402082943312
-22.684273492813904
-23.986532235941194
-25.269516489000978
-24.17070011210299
-23.39798407271703
-23.08821569066753
-22.916840198296374
-22.769375045467694
-22.63186615395857
-22.513065606692628
-22.407376921706742
-22.317735956280956
-22.24033056538722
-22.178270686230288
-22.134305239836085
-22.10939536643257
-22.102828139997712
-22.101235364456933
-22.11054118866243
-22.134051151302987
-22.18303902264374
-22.239655780991615
-22.299948400301215
-22.363944277332514
-22.413593807705883
-22.453603107277306
-22.464940659853077
-22.461585066829624
-22.45377706615068
-22.451120836660074
-22.464603791843384
-22.496302522178876
-22.531847346948716
-22.575579782030026
-22.584976563291054
-22.546460088640814
-22.42706121171539
-22.18285275765113
-21.707053556906022
-21.01884220156865
-20.059105299585706
-18.970662681448506
-17.910048552680824
-16.941224438626673
-16.19291868543474
-15.645997046003366
-15.406776584347568
-15.292104335765833
-15.221944335577131
-17.551469805004956
-19.564894937203533
-21.101993127845585
-22.484827625191734
-23.826186893663746
-25.14884368626904
-24.081477326970003
-23.422544051115292
-23.188541623528426
-23.064934612595888
-22.94872419302392
-22.84402417591954
-22.748517977994126
-22.656425437148652
-22.57238689108752
-22.50588469799288
-22.450726103616503
-22.409101432263288
-22.384688758046767
-22.376735184139854
-22.37124341953627
-22.376363675248996
-22.39662493184338
-22.442440395696487
-22.496356432346072
-22.554684455388813
-22.609041862309017
-22.66289113458668
-22.706988667975754
-22.737482169520458
-22.741774519509583
-22.741100760862636
-22.73820747082777
-22.746027775563494
-22.773169975015065
-22.801774588494176
-22.843959747455543
-22.858402915499
-22.820458535440626
-22.700620521654816
-22.450288182305766
-21.996685071313895
-21.333421340078385
-20.341538434020894
-19.224484450508267
-18.105245909197556
-17.031268075226844
-16.046198168321805
-15.281016095241512
-14.711977607034653
-14.437514125377973
-14.331030885119192
-16.638852104577563
-18.65896621981292
-20.18105380142977
-21.550783772229085
-22.8892998938017
-24.2053559369802
-25.494197331616697
-24.390856808597903
-23.627248649702924
-23.333366812729782
-23.168119704902345
-23.025770329134602
-22.892662060378193
-22.7767859801025
-22.674486626395723
-22.58768233311872
-22.514385840005954
-22.4561183614791
-22.415876175708362
-22.39556272398502
-22.393560935500656
-22.396323399067754
-22.40855151874598
-22.434853334003737
-22.485166290946683
-22.54433807468858
-22.607101081857216
-22.674353017206457
-22.727140827903696
-22.766597439263677
-22.7795416303846
-22.778745282230194
-22.776376520183586
-22.77874650548742
-22.793504877144667
-22.822076244390335
-22.857389044903066
-22.901322962792193
-22.91285850957462
-22.878123041886546
-22.764250938113808
-22.53107184484482
-22.071347028871024
-21.393635116864083
-20.44395022894874
-19.36263374269908
-18.314071505227492
-17.360058467166898
-16.62554634410332
-16.079516186875743
-15.827709792488381
-15.70596404376385
-15.633913024435905
-17.962081179902043
-19.970224904931833
-21.502617974257568
-22.88589638719263
-24.234086801876153
-25.56370367629634
-24.50257483013251
-23.858335157547806
-23.630410069394358
-23.512910485987977
-23.40466487574797
-23.308128008744205
-23.2210247194635
-23.136828636309538
-23.060234692083537
-22.9998928795284
-22.95028512112893
-22.913625034839246
-22.893622939710724
-22.889330778487437
-22.887966711157233
-22.896584789190776
-22.920477087669397
-22.96993547101612
-23.028319758685704
-23.09126813010025
-23.15077935287453
-23.20989206722553
-23.254945175993722
-23.289590844159687
-23.30009721046864
-23.30787278576756
-23.31669996149681
-23.33635269179191
-23.375088061686544
-23.41596955185568
-23.470214322530225
-23.49945727170455
-23.481741171699706
-23.38691086415419
-23.166354685458238
-22.692707349710652
-22.0124069453491
-21.011711660007354
-19.91138610754784
-18.805425388341824
-17.739220980167673
-16.766441280105745
-16.022395293449463
-16.00798269978446
-15.99357010611945
-15.979157512454439
-15.964744918789428
-15.950332325124418
-15.935919731459407
-15.921507137794396
-15.907094544129386
-15.892681950464375
-15.878269356799365
-15.863856763134354
-15.849444169469344
-15.835031575804333
-15.820618982139322
-15.806206388474312
-15.791793794809301
-15.77738120114429
-15.76296860747928
-15.74855601381427
-15.734143420149259
-15.719730826484248
-15.705318232819238
-15.690905639154227
-15.676493045489217
-15.662080451824206
-15.647667858159195
-15.633255264494185
-15.618842670829174
-15.604430077164164
-15.590017483499153
-15.575604889834143
-15.561192296169132
-15.546779702504121
-15.53236710883911
-15.517954515174099
-15.503541921509088
-15.489129327844077
-15.474716734179067
-15.460304140514056
-15.445891546849046
-15.431478953184035
-15.417066359519024
-15.402653765854014
-15.388241172189003
-15.373828578523993
-15.359415984858982
-15.345003391193972
-15.330590797528961
-15.31617820386395
-15.30176561019894
-15.28735301653393
-15.272940422868919
-15.258527829203908
-15.244115235538898
-15.229702641873887
-15.215290048208876
-15.200877454543866
-15.186464860878855
-15.172052267213845
-15.157639673548834
-15.143227079883824
-15.128814486218813
-15.114401892553802
-15.099989298888792
-15.085576705223781
-15.07116411155877
-15.05675151789376
-15.04233892422875
-15.027926330563737
-15.013513736898727
-14.999101143233716
-14.984688549568705
-14.970275955903695
-14.955863362238684
-14.941450768573674
