-19.198301893571088
-19.016869993651518
-18.835438093731945
-18.654006193812375
-18.472574293892805
-18.29114239397323
-18.10971049405366
-17.92827859413409
-17.74684669421452
-17.56541479429495
-17.383982894375375
-17.202550994455805
-17.021119094536235
-16.839687194616662
-16.658255294697092
-16.47682339477752
-16.29539149485795
-16.11395959493838
-15.932527695018807
-15.751095795099236
-15.569663895179664
-15.388231995260092
-15.206800095340522
-15.02536819542095
-14.84393629550138
-14.66250439558181
-14.481072495662238
-14.299640595742666
-14.118208695823096
-13.936776795903523
-13.755344895983953
-13.573912996064381
-13.39248109614481
-13.21104919622524
-13.029617296305668
-12.848185396386096
-12.666753496466526
-12.485321596546955
-12.303889696627383
-12.122457796707813
-11.94102589678824
-11.75959399686867
-11.578162096949098
-11.396730197029527
-11.215298297109957
-11.033866397190385
-10.852434497270814
-10.671002597351242
-10.489570697431672
-10.3081387975121
-10.126706897592529
-9.945274997672959
-9.763843097753387
-9.582411197833816
-9.400979297914239
-9.409953094151538
-9.402343706304062
-9.409243517195659
-9.434345625508238
-9.47538585579316
-9.521511648382303
-9.577007456830078
-9.634930440507196
-9.687975550943746
-9.720086683209345
-9.711528518799154
-9.68192962080518
-9.649687784636752
-9.614802276595947
-9.623227361110017
-9.714007944960493
-9.876703434105242
-10.116861104390457
-10.389775505178863
-10.824649601164428
-11.599755709462466
-12.686356024680197
-13.818016920631209
-14.710474752712537
-15.202279069326723
-15.36646968573897
-15.41725482339528
-15.461442732676488
-15.502792614301336
-12.26070313716088
-9.704740985622657
-7.918353936304538
-9.324205271107793
-10.798935299592882
-12.310937473258894
-12.32591735606437
-12.336468274109485
-12.389829513816766
-12.491778852565586
-12.611289523558115
-12.735789648057521
-12.872912795106792
-13.007686343351093
-13.142310351999788
-13.275833964550305
-13.402452059279263
-13.536149988439586
-13.670136346854127
-13.799545984311552
-13.920276703882324
-14.01387882313191
-14.06420566905762
-14.078262251784233
-14.063168203354754
-14.04605406240417
-14.044786070857137
-14.067294051761948
-14.115436355736932
-14.173477443454065
-14.241334142552862
-14.30701908234923
-14.355119854589045
-14.359188150411539
-14.30392388748839
-14.214447275228649
-14.122802620455767
-14.028233487455624
-13.907192903687077
-13.866536599789084
-13.906649325248024
-13.917511069625624
-13.916419255607398
-13.915457808671082
-13.94539479101687
-14.15818006852084
-14.51717101152768
-14.678870785804207
-14.65039990037379
-14.541571143900693
-14.415022486316303
-14.27714151210743
-14.163514751508112
-17.42273900176056
-18.096059198169463
-19.568742946206488
-21.06252782628535
-21.80672850158774
-21.80601758147735
-21.84588642462731
-21.924329549177372
-21.993975722229177
-22.059069352355376
-22.121833048538765
-22.18630381996908
-22.24516984143842
-22.299384356545637
-22.35765886658573
-22.43000681139069
-22.51744796032493
-22.604379084711073
-22.68555005464615
-22.759898626017268
-22.809889964505945
-22.82423007656065
-22.804456376295946
-22.766607691135274
-22.713369868530478
-22.66225894989947
-22.629828189739396
-22.618926203076157
-22.631534521371584
-22.652910348512584
-22.677583249232292
-22.686082317589516
-22.660437299352814
-22.58304081482005
-22.453756496413135
-22.30641915734718
-22.174684617969287
-22.037146257447663
-21.868117059425515
-21.729924068735727
-21.68358200530345
-21.676256279964754
-21.667943777746686
-21.642727653187237
-21.602620166773224
-21.631229957029234
-21.859935568471847
-22.095585600194813
-22.043268372512802
-21.797394350932407
-21.533376043490527
-21.301456015238593
-21.115155477292515
-17.875128095065282
-15.953474261738577
-14.242593340545248
-15.862711652708958
-16.746713680413897
-16.8455529719335
-17.07940846313558
-17.254740981972994
-17.405745974653797
-17.555031699925884
-17.703105152139553
-17.840177022745753
-17.959369568903554
-18.049462134354407
-18.107378972860605
-18.13888750578742
-18.14932005206625
-18.130162784467935
-18.081978658562402
-18.027241833785506
-17.95488152761667
-17.858916493059937
-17.728626422931903
-17.554300064236305
-17.39546250344337
-17.289326371504274
-17.24142765779547
-17.246656679872938
-17.29585864510028
-17.374202541564184
-17.455952067697112
-17.549284907226017
-17.64953377067825
-17.776161901169264
-17.93759604027723
-18.220015750166084
-18.678498688634257
-19.3880149751778
-20.430335190052137
-21.76554859273061
-23.299507168859144
-25.045173396399992
-23.51853953093368
-22.001133976791948
-20.491684972183933
-18.945331808892327
-17.335640242279396
-15.590382933925234
-13.428639984049553
-10.71646433547348
-7.844241199073104
-5.704523664709777
-3.9521226027561918
-2.229620679791824
-0.539648769106911
1.1293772933393584
2.8228465764179225
1.8934064263237234
1.7269215057113447
1.5709537137065206
1.3882613217950923
1.1967159362005646
1.0043701102048814
0.7974274672881663
0.5871410744333749
0.3765963014426487
0.16336325685104147
-0.040657191005907534
-0.24212141340018506
-0.43596676577172805
-0.6140282501773127
-0.774571464815903
-0.9097684028231191
-0.9974631502057153
-1.0534086148747204
-1.0843582449800104
-1.1233287354093793
-1.1858103793016777
-1.2793898545053282
-1.3938422827111219
-1.5324553867461264
-1.6941442891244045
-1.8712289942818867
-2.0434478421879563
-2.1855760430288944
-2.273299132711393
-2.313543452400911
-2.3566182233192476
-2.4238836067709166
-2.48264715096015
-2.547630448297918
-2.664043527498814
-2.854910784181289
-3.1354230563350587
-3.525795886603489
-3.999353081852898
-4.651792586509734
-5.8204359184322305
-7.229353206565439
-8.687731818955086
-10.090077641227367
-11.328591925023156
-12.162792954015544
-12.624012879052724
-9.728009935499141
-7.295394470749467
-5.851377779018851
-4.588496102786088
-3.176698861742187
-4.832858765643554
-5.2523145638911215
-5.478957897912536
-5.637128255119347
-5.817191167927617
-5.980139028788163
-6.0997947930562235
-6.203483545861321
-6.308952031116974
-6.417881470166147
-6.527435899898557
-6.651242000059058
-6.789866375556027
-6.951757177902116
-7.13879555727212
-7.340615402116004
-7.544754418460613
-7.728403725335543
-7.896238362149929
-8.042411775322932
-8.197787831355427
-8.37070161928084
-8.576537774019217
-8.830698154188962
-9.094603988727314
-9.345997930452361
-9.56884119595456
-9.749019618629557
-9.86950251314094
-9.931137234778536
-9.950549586076393
-9.933338125109666
-9.892512038815006
-9.81185972210492
-9.681773811912338
-9.435153494658389
-9.069720643635376
-8.56124992239187
-7.8134733894276325
-6.819704560085725
-5.690464317421835
-4.435761295099418
-6.43961261893813
-8.512154160790477
-10.898905239037335
-13.72627236847167
-16.72735297677339
-19.7157744075932
-22.783634778837786
-22.609989522683954
-22.439865893239524
-21.542886837747826
-20.31110446332582
-19.26461073241564
-18.55549888889861
-17.63810758003453
-16.751999815302142
-16.350342486861663
-16.107323638850122
-15.84490729324185
-15.541825408496157
-15.211160649889981
-14.900678093403295
-14.615659939610568
-14.370323256399352
-14.152300613014384
-13.953436282883212
-13.75850568416234
-13.557220675372374
-13.3492752745995
-13.134448035602752
-12.911342920459477
-12.690984432586289
-12.476137366760868
-12.244434891656175
-11.980472712007318
-11.653371386821412
-11.235933183628061
-10.691321928470218
-10.004494762555712
-9.337312742480727
-8.670130722405744
-8.00294870233077
-7.3357666822557945
-6.6685846621808125
-6.0014026421058375
-5.3342206220308555
-4.6670386019558805
-3.9998565818808984
-3.3326745618059235
-2.6654925417309485
-1.9983105216559665
-1.3311285015809915
-0.6639464815060094
0.0032355385689655236
0.6704175586439476
1.3375995787189225
2.0047815987938975
2.6719636188688796
3.3391456389438545
4.006327659018837
4.6735096790938115
5.3406916991687865
6.007873719243769
6.6750557393187435
7.342237759393726
8.0094197794687
8.676601799543683
9.343783819618658
10.010965839693633
10.678147859768615
11.34532987984359
12.012511899918572
12.679693919993547
13.346875940068529
14.014057960143504
14.681239980218479
15.34842200029346
16.015604020368436
16.682786040443418
17.349968060518393
18.017150080593368
18.684332100668342
19.35151412074333
20.018696140818307
20.68587816089328
21.353060180968257
22.020242201043246
22.68742422111822
23.354606241193196
24.02178826126817
24.688970281343146
25.356152301418135
26.02333432149311
