-1.926302350602
-1.88974144001926
-0.650482402667493
1.33467944817939
2.93219101646069
3.76574889968566
4.18690402759624
4.23047093132062
3.70351009224649
2.73604706587551
2.8442748247102
5.3331237307147
8.21158502904455
11.3070384805158
12.9651735576962
13.9787060783243
16.7973026028818
18.5684379775033
11.5516029061747
6.5821824495001
2.956926259631
-4.44424839591285
-19.4997269691191
-56.9067648539059
-129.7842927882
-162.746271581468
-163.678803732005
-163.775126069565
-157.286367796191
-161.592217785308
-164.887679282272
-166.990383198085
-168.12367240849
-170.126943455197
147.097146659794
30.2560292908178
25.6887744459923
28.5824704700573
26.0788647322782
24.0322999301932
20.1747663349283
15.9263507268614
12.1129963405338
8.5892913366402
5.26506233459706
2.70839919590939
0.32825017113672
-2.52160178878365
-4.68995241975518
-5.40597745562151
-5.80155419763622
-5.96975205254848
-5.40458646434499
-4.34885550909106
-3.8687370029098
-4.00308055416597
-4.88097198031944
-4.41534454527683
-2.2989175561683
-5.02797779686731
-10.3117180705828
-16.2118714360115
-20.8577334244983
-23.7816856972304
-22.9784920732396
-21.7515914760131
-19.7512016887331
-17.0478070366996
-30.0521046250005
-53.6186429967734
-87.4969950419909
-128.296909301398
-160.431402877512
176.649413902904
162.896520790769
152.29762567334
143.49859487714
141.478375098826
138.711631841036
136.511167966588
135.658257657802
127.705042864126
111.826236425576
83.5627563441092
62.4152046550122
51.2644211742185
44.3506184196427
37.4196941295529
31.634625749501
27.0000245789731
22.3369724259628
16.777570040929
10.8419552448195
5.16499654769376
-0.157288552199764
-5.74646181652984
-9.27605938589652
-11.6276157826718
-13.1902762213446
-13.8506679545376
-13.5323167539431
-12.1116374691423
-9.43385084921027
-7.27393916812631
-4.3427401187329
0.130871090255321
8.7696145701807
18.3896300402361