-17.245470787691353
-16.489896890936528
-15.7343229941817
-14.978749097426872
-14.223175200672046
-13.467601303917219
-12.712027407162392
-11.956453510407565
-11.200879613652738
-10.445305716897911
-9.689731820143084
-8.934157923388257
-8.17858402663343
-7.4230101298786035
-6.667436233123777
-5.91186233636895
-5.156288439614123
-4.400714542859296
-3.645140646104469
-2.889566749349642
-2.1339928525948153
-1.3784189558399884
-0.6228450590851615
0.13272883766966714
0.8883027344244923
1.6438766311793174
2.399450527934146
3.1550244246889747
3.9105983214438
4.666172218198625
5.421746114953454
6.177320011708282
6.932893908463107
7.6884678052179325
8.444041701972761
9.19961559872759
9.955189495482415
10.71076339223724
11.466337288992069
12.221911185746897
12.977485082501723
13.733058979256548
14.488632876011376
15.244206772766205
15.99978066952103
16.755354566275855
17.510928463030687
18.266502359785513
19.022076256540338
19.777650153295163
20.533224050049988
21.28879794680482
22.044371843559645
22.79994574031447
23.555519637069303
24.311093533824128
25.066667430578953
25.822241327333778
26.577815224088603
27.333389120843435
28.08896301759826
28.844536914353085
29.600110811107918
30.355684707862743
31.111258604617568
31.866832501372393
32.62240639812722
33.37798029488205
34.133554191636875
34.8891280883917
35.64470198514653
36.40027588190136
37.15584977865618
37.91142367541101
38.66699757216583
39.42257146892068
40.45834424678913
41.54030988063189
42.66804228021303
43.834425132731646
42.65021984033024
41.49897351627254
40.38080670388037
39.29005051872424
38.21325683044726
37.1279985849248
36.02222714607723
34.89579559409828
33.7607721653021
32.61690703654077
31.464536315692875
30.308256327465564
29.131218025975734
27.95310663060811
26.805429951324278
25.684167313569194
24.58359739890795
23.524437888483114
22.544175319838185
21.972768611448938
21.87320947446441
21.90017737188173
21.967134370502986
22.02692803299501
22.068338683727358
22.079528619083433
24.419740210217217
26.537121530745388
25.88113373913034
25.136589982367553
24.617508508802747
24.364807287147723
24.20889368821721
24.104845960362358
24.004278639725584
23.88621315750335
23.743937688432467
23.52877786544614
23.02312376509725
22.14832508311194
21.15292951651831
20.083698788060946
18.962661261656216
17.80060662638038
16.611422169523767
15.395841056084206
14.160912177478831
12.906903895120024
11.63917772626508
10.37268042110097
9.146898856149583
7.964843569648353
6.82444993408873
5.722925775027047
4.658257050313666
3.6312563483487823
2.6341704742896215
1.6534879573436236
0.6665656186197498
-0.338071442479162
-1.359615609622499
-2.389742716816164
-3.4310537935608467
-4.484091480098203
-5.53978461546068
-6.609968017534246
-7.695057612105598
-8.768704983624596
-9.817350355906605
-10.846243090241739
-11.84153762934142
-12.779288553246346
-13.478201854326617
-13.613543499028843
-13.568211752374165
-13.47228609790662
-13.379228331301224
-13.301684826715274
-13.24678515196498
-13.230257139638226
-13.385615661620122
-11.573710807852262
-9.918376399294505
-8.056643298898077
-8.246856165492012
-8.339707336319222
-8.387898780855007
-8.438051178303494
-8.510104885795489
-8.607905304886074
-8.768834158835718
-9.208122955320096
-10.031418511876083
-10.99059294464838
-12.028933508127633
-13.11717732506835
-14.24205502973553
-15.391685246504359
-16.561022105793064
-17.752457693111776
-18.9591279866375
-20.17730004969723
-21.396848128857407
-22.586275096260835
-23.734125091899646
-24.838596780641847
-25.90344839028108
-26.93115314201131
-27.92593681127916
-28.89599798839332
-29.85207513694656
-30.814231734041197
-31.78702185387399
-32.771055049763795
-33.758243576580384
-34.74952752411873
-35.743836494166
-36.73680961979063
-37.737642820739424
-38.74590859948768
-39.734008861649215
-40.68630270202093
-41.61491776202013
-42.511043152006295
-43.35180615653297
-44.02191215872806
-44.148852099106016
-43.99943331838706
-43.77162748108474
-43.54173081006199
-43.31508626305434
-43.09125428509153
-42.86448395925883
-42.67433678684
-42.770571556620084
-43.367574525235014
-41.38917802665052
-41.3536702950292
-41.25096867499589
-41.120482726834496
-40.998814159769715
-40.90592696287369
-40.84189093190409
-40.821436548655896
-41.03838791727775
-41.7938372507268
-42.68579036019136
-43.655260176311366
-44.686629806522724
-45.77158656794076
-46.89922651177963
-45.67672775637155
-44.48481165205699
-43.32324580210166
-42.183678835097986
-41.052925274993186
-39.8993826065073
-38.70986257208593
-37.47796026625708
-36.20700947320639
-34.901220822353935
-33.5649761474973
-32.20646334728276
-30.835650253804822
-29.471912467796262
-28.119815121919807
-26.777952917723464
-25.43970972828421
-24.11085157367404
-22.78799843784456
-21.463195256647275
-20.148996268104504
-18.846727505992074
-17.530003843942968
-16.189210469275668
-14.822945136512796
-13.40812068410213
-14.290788684652465
-14.918012370605306
-15.109078306873407
-15.088602717722802
-14.995284273691995
-14.901858005151684
-14.811067292073096
-14.720505676466635
-14.625515769906576
-14.563041601355396
-14.697285141274907
-15.277929691620656
-15.733761255622452
-15.865130100816712
-15.892306843900327
-15.863285978372545
-15.82637920133752
-15.803912739137221
-15.79981282072061
-15.81811018893518
-15.944688481750125
-14.40501497671652
-12.987174920793239
-11.63117139491176
-10.330605302030884
-9.073107596667105
-7.849218843622906
-6.652638381827421
-5.477916113450651
-4.323871404548755
-3.180889687139894
-2.032947496626792
-0.8451357633350176
0.3922721654277129
1.6823196775882316
3.0195776952839433
4.400597294494958
5.822397796647904
7.273779795128596
8.74191058548898
10.205667741382777
11.65777085060255
13.097753034030257
14.533927152703107
15.966151755900313
17.393255205446124
18.823785843623206
20.244624728688294
21.65730177094853
23.086422778638763
24.540857905421706
26.017823257419316
27.536285778361567
29.120329904390896
30.903766035318732
30.761160961610617
30.860909880041035
31.037058575573855
31.212246900390348
31.383819167556016
31.550733169715453
31.703655803514987
31.76200605535633
31.384910507254723
30.746934708292407
30.290232846532263
30.18471910879208
30.199382411935478
30.271742044649354
30.348456210783358
30.40575494344004
30.441058349895002
30.432600522918435
30.17870149450557
29.429111248592935
30.943185596376637
32.38685304212656
33.77911122006386
35.12690645412226
36.43822707511546
37.72051496248623
38.980015201194526
40.222179660754186
41.45698476115423
42.69884490565187
43.98291299191544
45.31941199973237
44.32492671677838
43.374797754530285
42.465305412643424
41.593065316764154
40.748904113157614
39.920309582129455
39.086057970757466
38.23888365783595
37.37912709186964
36.51118613410934
35.63300190653715
34.74206960188461
33.84392432343119
32.93093356494522
32.00079609260575
31.07662897502093
30.17517875285912
29.28721220537118
28.419232038471577
27.575972060488727
26.800684318760126
26.351730962792644
26.476641639157076
24.32332052129569
22.172319611075856
20.01236917164172
17.841515490239917
15.657769609784538
15.792232200785868
15.5889039174449
15.009065746027403
14.539576304439603
14.561231883738023
14.690122613862636
14.856590978656909
15.016960320832366
15.152783004472782
15.264380865514022
15.337439741301758
15.16504848691084
14.456673271585537
13.618703254272829
12.717615573414957
11.771957858949635
10.787887850498933
9.769546325797716
8.723031847500113
7.655141287920662
6.5707383742298155
5.478594384901575
4.391602308337153
3.344714490418795
2.348041028106461
1.4039751545519472
0.5068277942040198
-0.34720716621765146
-1.161692054494847
-1.9455849848805347
-2.7115649653975664
-3.4803623188623654
-4.258698302900468
-5.047053280051672
-5.8430031770408
-6.6467973466511285
-7.4615687165564495
-8.280465917513116
-9.110463820009638
-9.955858553288614
-10.790728545514682
-11.596737644970105
-12.384933960088457
-13.15132357242299
-13.890257231914038
-14.561266380322856
-14.990730791814578
-14.881970016983926
-14.617111735690946
-14.338806498608847
-14.065543491305494
-13.803268536515315
-13.551660585294709
-13.363560516835072
-13.493904695381039
-11.659455418187205
-9.84576561066272
-9.742196697151899
-9.540867862959773
-9.31097497551586
-9.091744766107482
-8.900471840489379
-8.736214804834965
-8.610310091707822
-8.687591489923717
-9.337727059431565
-10.141930000712014
-11.02582248750859
-11.971661876196723
-12.969104213797573
-14.01218018471099
-15.092098882572307
-16.20233368247843
-17.339464808082738
-18.49317020357495
-19.648406940054617
-20.769121521984548
-21.843212775377136
-22.868635041836786
-23.847669078506573
-24.784352179123214
-25.68049575495646
-26.546632012030464
-27.394332446531145
-28.24397328405988
-29.100993641421482
-29.967671836483913
-30.83796190042204
-31.713593590772835
-32.593969762358455
-33.47277454045044
-34.35870184987972
-35.25193629411254
-36.12831621435039
-36.97221709383088
-37.7965070810822
-38.59600205269845
-39.34984934124478
-39.97273914607674
-40.11563864493587
-39.915429529789016
-39.629740813353244
-39.343878020928166
-39.0664278887132
-38.79644871064631
-38.528582159745625
-38.302819801786264
-38.322605671208414
-38.81200234485001
-39.20457664046523
-39.14567530509489
-41.37236699097599
-43.55234917424442
-45.73298872283354
-47.93408143745677
-47.773520519355436
-47.64124654697067
-47.63830677569505
-48.21800243049039
-48.966378095102776
-49.80404789360567
-50.712392403285286
-51.682258070135646
-50.31996090026459
-48.997232482735285
-47.707250870808345
-46.445415944284356
-45.203193350207506
-43.96797625516238
-42.703878905123084
-41.40485173245172
-40.07002422329524
-38.69992775482563
-37.29254399478432
-35.851421607308616
-34.385795015575496
-32.907409717999414
-31.435306722041652
-29.97275779576941
-28.519917775191434
-27.072177068926504
-25.63154425570126
-24.19654863726243
-22.76147526875472
-21.33189384546518
-19.90609286439429
-18.45690843923837
-16.969862069636104
-15.456381867976154
-13.911683422845838
-12.320750395979324
-13.003629739131371
-13.295855977998801
-12.462381916048201
-11.628907854097605
-10.795433792147008
-9.961959730196412
-9.128485668245816
-8.295011606295219
-7.461537544344623
-6.628063482394026
-5.79458942044343
-4.961115358492833
-4.127641296542237
-3.29416723459164
-2.4606931726410437
-1.6272191106904472
-0.7937450487398507
0.039729013210745734
0.8732030751613422
1.7066771371119387
2.540151199062535
3.3736252610131316
4.207099322963742
5.040573384914339
5.874047446864935
6.707521508815532
7.540995570766128
8.374469632716725
9.207943694667321
10.041417756617918
10.874891818568514
11.70836588051911
12.541839942469707
13.375314004420304
14.2087880663709
15.042262128321497
15.875736190272093
16.70921025222269
17.542684314173286
18.376158376123882
19.20963243807448
20.043106500025075
20.876580561975672
21.71005462392627
22.543528685876865
23.37700274782746
24.210476809778058
25.043950871728654
25.87742493367925
26.710898995629847
27.544373057580444
28.37784711953104
29.211321181481637
30.044795243432233
30.87826930538283
31.711743367333426
32.54521742928402
33.37869149123462
34.212165553185216
35.04563961513581
35.87911367708641
36.712587739037005
37.5460618009876
38.3795358629382
39.213009924888794
40.04648398683939
40.87995804878999
41.713432110740584
42.54690617269118
43.38038023464178
44.21385429659237
45.04732835854297
45.880802420493566
46.71427648244416
47.54775054439476
48.381224606345356
49.21469866829595
