-13.35218324888629
-14.397371676741873
-15.442560104597455
-16.487748532453036
-17.532936960308618
-18.578125388164203
-19.623313816019785
-20.668502243875366
-21.71369067173095
-22.75887909958653
-23.804067527442115
-24.8492559552977
-25.894444383153278
-26.939632811008863
-27.984821238864445
-29.030009666720026
-30.07519809457561
-31.12038652243119
-32.165574950286775
-33.21076337814236
-34.25595180599794
-35.30114023385352
-36.3463286617091
-36.32157303308599
-36.35668272899053
-36.48763607818107
-36.71850884113904
-37.00436537124944
-37.322160008215384
-37.65360038230895
-37.9740100674479
-38.27595748252023
-38.51581847469903
-38.672895826410404
-38.769196844399254
-38.85101908031756
-38.95721245577527
-39.07681112368681
-39.222902445233544
-39.45031708611715
-39.63973463593849
-39.681880963543236
-39.61030379089274
-39.34235904347421
-38.700572835324486
-37.47696211190287
-35.02806047904269
-31.39393419289272
-27.459835734964614
-23.6782626602624
-20.035477544413645
-16.491065639333527
-13.169621016421992
-10.238997225834408
-8.380698306335937
-7.867704312673982
-7.822585022491515
-13.120168872331586
-17.519962098860514
-21.754842412738213
-26.01215386463684
-30.291355030559476
-34.53560793327923
-38.69175867894817
-42.68647754824723
-41.6968293313098
-41.44480966850929
-41.00886633612273
-40.60692802245257
-40.245233159055395
-39.88278585272892
-39.50992122401709
-39.16407270050018
-38.86191573322921
-38.612464208411765
-38.41876609215178
-38.27098589560377
-38.17583726984456
-38.18337268602887
-38.28361856641634
-38.43681287315105
-38.625582589511275
-38.846287201206096
-39.079517117193426
-39.31056912441655
-39.496912447532466
-39.61708238306612
-39.67737658557976
-39.75210022728828
-39.89271006228708
-40.0744964871623
-40.27571091527944
-40.5518107731902
-40.84595734742893
-40.97844982239112
-40.937292584577285
-40.753293791162044
-40.22989855841891
-39.16411642887609
-36.9680908899232
-33.44469488948273
-29.398443471169006
-25.168538603665812
-21.08949741463075
-17.156824359800332
-13.258246300637659
-9.6401574654147
-6.510003541275396
-4.537978448154801
-4.060998517397291
-8.782765212888751
-12.748762717579423
-16.852575273021337
-20.832461510715696
-24.727707985574682
-28.60485019054428
-32.492502174043594
-36.50543555303946
-34.641128623216396
-33.81327453899845
-32.60673688311531
-31.6625600769155
-30.907997366997655
-30.24229437894737
-29.622293754527963
-29.03062204886835
-28.482624894808428
-27.996943569833103
-27.573634260735655
-27.207691212410786
-26.931419845842466
-26.771961614043377
-26.72601822968332
-26.766609624468042
-26.87895960542613
-27.044667689311936
-27.24419829746993
-27.40743523171044
-27.49859587614399
-27.529899142381886
-27.530417874888194
-27.52593959740332
-27.571963786665613
-27.68058117413296
-27.788215222283977
-27.84756735320562
-27.987452597157294
-28.171110172867888
-28.125562781801882
-27.810321548644282
-27.354581220239304
-26.560949250972765
-25.26051223732728
-22.828424650052145
-18.997679467645067
-14.873295271168613
-10.62662152376231
-6.255130418147098
-4.003367710441765
-1.7516050027364543
0.5001577049688564
2.751920412674167
5.003683120379478
7.255445828084788
9.507208535790099
11.75897124349541
14.01073395120072
16.26249665890603
18.51425936661134
20.766022074316652
23.017784782021963
25.269547489727273
27.521310197432584
29.773072905137894
32.024835612843205
34.276598320548516
36.528361028253826
38.78012373595914
41.03188644366445
43.28364915136976
