17.33674329631809
17.013762193569384
16.690781090820675
16.36779998807197
16.04481888532326
15.721837782574553
15.398856679825847
15.07587557707714
14.752894474328432
14.429913371579724
14.106932268831017
13.78395116608231
13.460970063333603
13.137988960584895
12.81500785783619
12.492026755087482
12.169045652338774
11.846064549590066
11.523083446841358
11.200102344092652
10.877121241343945
10.554140138595237
10.231159035846531
9.908177933097823
9.585196830349116
9.262215727600408
8.9392346248517
8.616253522102994
8.293272419354286
7.970291316605579
7.647310213856873
7.324329111108165
7.001348008359457
6.6783669056107495
6.355385802862042
6.032404700113336
5.709423597364628
5.38644249461592
5.0634613918672144
4.740480289118507
4.417499186369799
4.094518083621091
3.7715369808723835
3.4485558781236776
3.12557477537497
2.802593672626262
2.479612569877556
2.1566314671288485
1.8336503643801407
1.510669261631433
1.1876881588827253
0.8647070561340193
0.5417259533853098
0.21874485063660387
-0.10423625211210208
-0.4272173548608116
-0.7501984576095175
-1.0731795603582235
-1.396160663106933
-1.719141765855639
-2.042122868604345
-2.3651039713530544
-2.6880850741017603
-3.01106617685047
-3.334047279599176
-3.6570283823478817
-3.9800094850965912
-4.302990587845297
-4.625971690594007
-4.948952793342713
-5.271933896091419
-5.594914998840128
-5.917896101588834
-6.24087720433754
-6.5638583070862495
-6.886839409834959
-6.85379494408221
-6.842805271518966
-6.851616753523057
-6.864131811253133
-6.8741270393297444
-6.884263745683871
-6.8885027578409925
-6.886751289158718
-6.868053011069303
-6.83354200709525
-6.783121617478002
-6.70748423466014
-6.62121312611948
-6.532332082156115
-6.45538478723577
-6.394583935712982
-6.366228298721923
-6.299183587626923
-6.16126537760559
-5.971787788326041
-5.742344984912387
-5.354488710634602
-4.692464115759333
-3.616754126778092
-2.360495274827834
-1.117603648485845
-2.2917906525666254
-3.519847445926489
-4.853323233378021
-6.399290418435649
-8.163756795892189
-10.263102331074215
-12.451314768966867
-14.411761832112958
-15.729482733153645
-16.98150449220509
-18.21561772784445
-19.4360432231499
-20.647097287313006
-21.855177002054873
-23.07405415510576
-22.2991862880288
-21.902963841672204
-21.66435904288119
-21.4470220414676
-21.242870799280674
-21.05957654344911
-20.895851816897533
-20.753180362460643
-20.631343162043926
-20.527797353008623
-20.44352929670433
-20.378707534972612
-20.3222181415762
-20.28332416162936
-20.253981468870883
-20.23410849823318
-20.231944274590624
-20.239007641012655
-20.257234298512987
-20.274570855668852
-20.287914432579708
-20.283355438921767
-20.249330377730935
-20.200960412777157
-20.14203879724593
-20.078812503081004
-20.02232876169308
-19.979035907007237
-19.953602809918557
-19.933925448081357
-19.844974045189062
-19.706773102504506
-19.511666554892482
-19.236371222042173
-18.761559533906635
-18.049364283530245
-16.980054546502657
-15.861028762129319
-14.769241526440302
-13.77252995743427
-12.986776546397111
-12.417347967902453
-12.165162259551327
-12.01891738141666
-14.275145422051436
-16.52825619544178
-18.485063949405177
-19.959383698263522
-21.388327668664314
-22.742017272732955
-24.068735830146977
-23.03230456794087
-22.37368953758955
-21.98929226526585
-21.770440889567716
-21.570241678076467
-21.386888551831177
-21.21984074997621
-21.06649611902496
-20.929535772751883
-20.81238661246908
-20.71671534452479
-20.63552383999129
-20.56996782026321
-20.522135204901783
-20.481851568569883
-20.456052025902622
-20.429700234532636
-20.415349369170716
-20.421315293132157
-20.436466721222335
-20.463531885041117
-20.490851034068296
-20.517015689112277
-20.52771765548665
-20.5127381763109
-20.483862714017828
-20.444803664790452
-20.398397211276453
-20.360508816461916
-20.33684985859076
-20.33702324577659
-20.339663655294874
-20.288560528138554
-20.18957260908982
-20.027950282715167
-19.760263755359578
-19.267548686113255
-18.546946657264385
-17.49754475263288
-16.402087915273615
-15.32774966652379
-14.333895331044841
-13.543932514243279
-12.980229445872222
-12.753245919501245
-12.618117573563064
-12.510862314517986
-14.781613015921215
-16.688351378605965
-18.190053613963176
-19.522853104021603
-20.839624389106767
-22.14527032372763
-23.45810553496011
-22.77385443364315
-22.454241587945646
-22.291173494818057
-22.144070782969344
-22.005549339739204
-21.882305961611245
-21.76549970914691
-21.658269818237756
-21.570795680799264
-21.503792825352665
-21.45076410232206
-21.41363861539038
-21.385426368998978
-21.37280908163186
-21.37101459271152
-21.37807908481036
-21.411728792721373
-21.45868046523977
-21.52148899787143
-21.584467155168607
-21.646199157175452
-21.694498497494465
-21.717490442891453
-21.729796232929097
-21.737245945444542
-21.735990433748867
-21.738100639984804
-21.752481967543137
-21.78569105240271
-21.81439313566694
-21.787843199569497
-21.70855651243239
-21.55993806106681
-21.291576320679756
-20.784027688406358
-20.06611605947774
-19.050868572470403
-17.9971021399472
-16.973003278530122
-16.050942114016436
-15.37287513489501
-14.990420791745596
-14.895834461376145
-14.845194218029024
-14.809193660539055
-14.761758039179046
-16.697441120228465
-18.243610553320213
-19.625489703175212
-20.985490986949618
-22.342245883635115
-21.415503995694426
-20.843266637452302
-20.636814005089352
-20.52707165422879
-20.41960968439744
-20.32643800216853
-20.240928245345046
-20.16148970578329
-20.090918740404668
-20.03076008938363
-19.989719437185247
-19.957848062649646
-19.93764980151568
-19.92271756965208
-19.920359438164887
-19.921610069761634
-19.9401565858034
-19.984357246578703
-20.040320356126053
-20.10293419660466
-20.173239012808082
-20.240666452115615
-20.31261632869076
-20.377245069232437
-20.426890161722557
-20.4769174918527
-20.515813994033838
-20.555294712072158
-20.604521125009907
-20.676212372961228
-20.74731938072531
-20.772454278063105
-20.74271728991838
-20.64751387912592
-20.41995189232252
-19.955663294425637
-19.246413341045166
-18.242109821756202
-17.194724910495882
-16.18037638267797
-15.220114433237526
-14.375793853539744
-13.750467729360778
-13.404638151412332
-13.303972697631162
-13.247639093288473
-15.556979271494221
-17.47541764076839
-19.101303776061997
-20.54546772206045
-21.961022002140467
-23.35497950885425
-22.354021040027153
-21.556533137618995
-21.272995746218207
-21.176413002921386
-21.08078828749097
-20.98698295045802
-20.90276258446514
-20.824614142171388
-20.75577078088697
-20.697941486599806
-20.65766951494185
-20.63096121658006
-20.615214522868293
-20.61305805936977
-20.617464854842453
-20.629998547790287
-20.642813880579908
-20.672864594667264
-20.725484372552994
-20.78778735448221
-20.86523696740349
-20.942594383163545
-21.02172462621729
-21.091800389351125
-21.142519921696884
-21.186062712707788
-21.227360530761455
-21.259518416321924
-21.29342350809101
-21.34691660921295
-21.42210176016459
-21.497241575680984
-21.52202985093252
-21.49459523463354
-21.3931783610398
-21.168721232345753
-20.705448326038464
-20.025610906896876
-19.047263647299367
-18.030190255636313
-17.038427759361788
-16.129861760754007
-15.441005755737846
-15.005710749796991
-14.907978882663413
-14.873860905879802
-14.856636619165434
-14.825384695635053
-16.780595144324593
-18.3545285029335
-19.759652091697017
-21.142936733101163
-20.138056824757026
-19.265535673666808
-18.94610826778973
-18.783001838791645
-18.639088060363726
-18.50123749274829
-18.380103472324247
-18.277234675270265
-18.189839280503016
-18.115884622012672
-18.053921285383705
-18.013267478278394
-17.98410913095235
-17.969984558920704
-17.964347877140987
-17.973720047823246
-17.986248771618204
-18.012152775735778
-18.06509162752296
-18.134484620893033
-18.21251164097104
-18.29903121906166
-18.381689829516446
-18.465652791918828
-18.538680140801013
-18.598864271601055
-18.652629429896557
-18.693552484643686
-18.735454121142325
-18.792290931632294
-18.87563428291024
-18.94441246782313
-18.967726711869215
-18.92798454965378
-18.819422436720636
-18.577793133580357
-18.06760789270217
-17.24406295375212
-16.123284924141576
-15.014836452582458
-13.939127613483732
-12.902375614614634
-11.930242131825805
-11.13022400501629
-10.550860662372825
-10.346388720068319
-10.236603141067931
-12.425218271556462
-14.267370450982925
-15.735960745370901
-17.08955105735778
-18.427374029577987
-19.73699173213113
-21.03697965736962
-22.341432788700054
-21.506441880373316
-21.23061211908652
-21.064075410523
-20.905387392091804
-20.76051871223728
-20.632521513789236
-20.518821484111196
-20.428019652012836
-20.35438747048381
-20.298015248962873
-20.260951344479068
-20.243439712921017
-20.234924373872943
-20.240632184836908
-20.24359003237214
-20.25374872000932
-20.286922565208904
-20.332061906160096
-20.390185094609144
-20.44700882826138
-20.503795587768362
-20.544406983474136
-20.55939473007058
-20.559347743704667
-20.54558828737827
-20.521564349081615
-20.50906599597918
-20.51057979584938
-20.53898828199844
-20.536435639625
-20.461415042953117
-20.323926317935964
-20.10524238816586
-19.743102011670366
-19.140872856519053
-18.25284515752524
-17.165035622206403
-16.072418592078737
-15.00960631504871
-14.020181927812365
-13.230556889874928
-12.680773784155013
-12.480233277888928
-12.35850757373188
-14.638828340103553
-16.712315015021748
-18.2517729170566
-19.584356346739895
-20.900788119007107
-22.206132812647123
-23.501114298215658
-24.81075471782574
-24.132661228493696
-23.762473941210732
-23.58681412619264
-23.42439710961158
-23.27269614776345
-23.138239206160023
-23.013570794765347
-22.906941528507275
-22.82241975677632
-22.751617351364075
-22.69662691628574
-22.66037639309962
-22.632167154825748
-22.61914957126439
-22.61064330613342
-22.610784779230574
-22.63434670018526
-22.668726527426834
-22.70798108003764
-22.755123466990685
-22.801304822376633
-22.840859159015977
-22.865519228636963
-22.867229881444224
-22.85750223119438
-22.83406709790478
-22.814679081938678
-22.809052390557895
-22.82610817777286
-22.83243723914974
-22.792850971823672
-22.69537906132479
-22.53658810717226
-22.260676092356846
-21.74032311935011
-20.941705759098078
-19.801359514720662
-18.636630422630386
-17.496281947639147
-16.39693617656103
-15.393932839381629
-15.387160690173468
-15.38038854096528
-15.373616391757093
-15.366844242548904
-15.360072093340715
-15.353299944132528
-15.34652779492434
-15.339755645716153
-15.332983496507964
-15.326211347299775
-15.319439198091588
-15.3126670488834
-15.305894899675213
-15.299122750467024
-15.292350601258835
-15.285578452050649
-15.27880630284246
-15.272034153634271
-15.265262004426084
-15.258489855217896
-15.251717706009709
-15.24494555680152
-15.238173407593331
-15.231401258385144
-15.224629109176956
-15.217856959968769
-15.21108481076058
-15.204312661552391
-15.197540512344204
-15.190768363136016
-15.183996213927829
-15.17722406471964
-15.170451915511451
-15.163679766303265
-15.156907617095076
-15.150135467886887
-15.1433633186787
-15.136591169470512
-15.129819020262325
-15.123046871054136
-15.116274721845947
-15.10950257263776
-15.102730423429572
-15.095958274221385
-15.089186125013196
-15.082413975805007
-15.07564182659682
-15.068869677388632
-15.062097528180445
-15.055325378972256
-15.048553229764067
-15.04178108055588
-15.035008931347692
-15.028236782139505
-15.021464632931316
-15.014692483723127
-15.00792033451494
-15.001148185306752
-14.994376036098565
-14.987603886890376
-14.980831737682188
-14.974059588474
-14.967287439265812
-14.960515290057625
-14.953743140849436
-14.946970991641248
-14.94019884243306
-14.933426693224872
-14.926654544016683
-14.919882394808496
-14.913110245600308
-14.90633809639212
-14.899565947183932
-14.892793797975743
-14.886021648767557
