-7.022649862350574
-6.487084718779049
-5.951519575207524
-5.415954431635998
-4.880389288064473
-4.344824144492947
-3.809259000921422
-3.2736938573498966
-2.738128713778371
-2.202563570206846
-1.6669984266353204
-1.131433283063795
-0.5958681394922696
-0.060302995920744173
0.47526214765078123
1.0108272912223075
1.546392434793832
2.0819575783653566
2.617522721936883
3.153087865508409
3.6886530090799337
4.224218152651458
4.7597832962229845
5.295348439794511
5.830913583366035
6.36647872693756
6.902043870509086
7.437609014080612
7.973174157652137
8.508739301223661
9.04430444479519
9.579869588366714
10.115434731938238
10.650999875509763
11.186565019081288
11.722130162652816
12.25769530622434
12.793260449795865
13.328825593367393
13.864390736938917
14.399955880510442
14.935521024081966
15.47108616765349
16.00665131122502
16.542216454796545
17.07778159836807
17.613346741939594
18.14891188551112
18.684477029082643
19.220042172654168
19.755607316225692
20.291172459797224
20.82673760336875
21.362302746940273
21.897867890511797
22.433433034083322
22.968998177654846
23.50456332122637
24.040128464797895
24.575693608369427
25.11125875194095
25.646823895512476
26.182389039084
26.717954182655525
27.25351932622705
27.789084469798574
28.3246496133701
28.860214756941623
29.395779900513148
29.93134504408468
30.466910187656204
31.00247533122773
31.538040474799253
32.07360561837078
32.6091707619423
33.14473590551384
33.9806843327818
34.84910862166705
35.74480379053881
36.66196417521405
37.601166591416835
38.56014565285797
39.53631092400722
40.52613579175302
41.51994418904283
42.49832957919954
43.456618143569074
44.40310187621957
45.34835670931034
46.29103925521905
47.22976609225106
48.167333747349204
49.09316495977315
50.02771717666058
50.99574965630525
51.996544712535616
53.02345106612124
54.09035189703049
55.255633372602695
56.70548085687456
58.617892836720614
60.689203551862754
62.811788911390224
64.93120387078702
67.04500229871022
69.15010732912906
71.23407502368855
70.81448815948222
69.79502299059413
68.6395597132576
67.63481138622784
66.96336819480737
66.42014486378555
65.93208614078321
65.4483879814539
64.94476462577752
64.41000592804286
63.794961316974764
62.94413253028686
61.791305119467715
60.52463535811188
59.18437306041319
57.78144894494535
56.32823633017678
57.218637259842
58.07361696521984
58.89943609871435
59.69983527834169
60.48178722566504
61.25712189232574
59.674923034188154
58.123265364997856
56.60069328367774
55.10533151309358
53.63985462693216
52.19870115903764
50.7757138763319
49.361205079925405
47.93702456492798
46.50051407041757
45.055985277572724
43.610870838435694
42.16285936756126
40.709598056375576
39.25408613799571
37.7855673243573
36.32364610068113
34.88344673502778
33.467471943691145
32.07218127990661
30.712812028613488
29.444744002931152
28.449436440196614
27.939720972469924
27.588010818813327
27.279054103304116
26.96321172069535
26.634917292333387
26.289326220992624
28.28463020248095
30.121592846470847
31.47507626808726
32.70847686508128
31.68049494087852
30.946135997477754
30.327650252232036
29.768916222151457
29.22484169276566
28.671029685762704
28.096382917846576
27.46029549576979
26.62847609160605
25.448405436324503
24.12856250961448
22.729867543979097
21.269189658717668
19.761506435818532
18.218689087196303
16.646995949295967
15.046918441389394
13.427620100957306
11.796730506644181
10.169218526167766
8.57981119866257
7.030594078077238
5.519958853499489
4.045388735927266
2.6056689631360763
1.1984495629926348
-0.18298642489566386
-1.5494011958394265
-2.918764322181713
-4.293202559703534
-5.668084904078599
-7.037315005483272
-8.401049801881472
-9.759238833625613
-11.113064212049297
-12.470514890738455
-13.817165744897482
-15.13479319449165
-16.422258384902943
-17.683317621520533
-18.90217910493282
-20.02661284938215
-20.91707694712331
-21.334309903894095
-21.554357732341305
-21.714101634085406
-21.87341896797902
-22.04046273813667
-22.22127240271921
-22.433764197144562
-22.757480538267036
-21.21337529988829
-19.84525049732628
-18.37788265789412
-18.974869522541926
-19.43198082970477
-19.828283161451363
-20.213447850716978
-20.612296017613986
-21.036185184545285
-21.531042255276148
-22.24363737918236
-23.278016826428257
-24.436658477166883
-25.67398163712583
-26.98192622099835
-28.343081284180823
-29.74463031771656
-31.181210227783847
-32.64891224332681
-34.1401244488634
-35.650489324861
-37.17096674217609
-38.669238426598994
-40.14102937226964
-41.58668425780197
-43.010077101279855
-44.405597989296574
-45.77855892266048
-47.13561677416054
-48.48580951772483
-49.84528073872016
-51.2165866490023
-52.59544603768688
-53.972820204615125
-55.34868547016532
-56.72410813432606
-58.097712708198124
-59.47617578315671
-60.84827796160762
-62.1989021630385
-63.520784895285786
-64.82333941521708
-66.09595930019724
-67.31058284595716
-68.36104619083856
-68.7517753728983
-68.91679883091498
-69.03171989539916
-69.1531407588044
-69.28654051184004
-69.43683969182872
-69.61696344625399
-69.94819951344145
-68.43116119040536
-67.02588880432327
-65.44812901271062
-63.5888964043908
-61.62957539908432
-59.62154620660082
-57.607545266804
-55.60509490389455
-56.009203448170496
-56.472623132258946
-57.083328334014276
-58.05253270820302
-59.188414800681436
-60.41418840735055
-59.31999648651847
-58.27380428533159
-57.265542491470605
-56.28790964894036
-55.33893117017084
-54.40928160482988
-53.48975868015726
-52.566193692029294
-51.608450569131584
-50.61296643621313
-49.58190331106957
-48.51889040804438
-47.425471815539495
-46.29966892545875
-45.148821472248585
-43.982670694109984
-42.8200170642146
-41.661943204963094
-40.50335876665979
-39.340409942669325
-38.175979053475054
-37.012997210313884
-35.85245144774046
-34.7005646471072
-33.54472659959358
-32.36830417534328
-31.169710689814874
-29.954946863061622
-28.714471154601906
-29.793920330186488
-30.685065248958647
-31.04161107742995
-31.195018498370036
-31.29926874618792
-31.41069658079115
-31.540943669536613
-31.701631920622226
-31.9334385944926
-32.372717350863454
-33.206374746731925
-34.152766811100676
-34.97129480513347
-35.46637937859648
-35.840909401045145
-36.16354800094284
-34.096957709965565
-32.04695905603124
-30.022486690255366
-28.059659635613123
-26.264463708905133
-24.825151038317923
-23.537728844807127
-22.33585427254302
-21.206309419409997
-20.133355923441496
-19.10605433858272
-18.115779191562154
-17.157012104720533
-16.225412789218407
-15.31298876272661
-14.404243539829379
-13.462957565290964
-12.48885247627718
-11.487046637503575
-10.458148990497435
-9.39980733339062
-8.318257314482835
-7.220989210094281
-6.118572046262246
-5.028023797824137
-3.952854587833183
-2.8862045932026543
-1.8216696557529577
-0.7617720939674578
0.2903502427482379
1.339514923979367
2.3792504158473955
3.4160469152308135
4.4691446359098705
5.544092859632512
6.634141005751429
7.747582955720626
8.915667740960714
10.227559697509855
9.71873451253322
9.459998509180158
9.264921341997747
9.070036504612641
8.869359401186673
8.656802102847278
8.42751243385395
8.100024848943123
7.1645743059659175
6.076149348797944
5.14432629037537
4.513788201979017
3.9925550229058895
3.524249393887882
3.064414561714712
2.590395502271952
2.091451490333783
1.523384623248516
3.125188386405264
4.419645140064452
5.598133900848447
6.711257801573067
7.769734870982042
8.786207913438684
9.767919970598458
10.723345360261515
11.6482862125548
12.55274896255648
13.444522609088944
14.334744255878437
15.258489424833261
16.218697155759944
17.21066792847658
18.23434373669955
19.287501516133762
20.364664334183168
21.460059225304942
22.562678696893613
23.653217013652007
24.728691497599694
25.793473956851802
26.85327757616498
27.904894866398678
28.94184137971419
29.966553913341897
30.97155321295708
31.964398615135085
32.97089582027541
33.99797212392748
35.0390424249265
36.10237380525017
37.21617875101203
38.514204146630085
38.01316997065423
37.7051118006006
37.44159847970073
37.17052549203548
36.885085136628206
36.576865825878954
36.224345413770514
35.725772773623355
34.745049592900145
33.61009300312335
32.55336846164651
31.830922698396055
31.258262582320828
30.749310401969225
30.251232015694058
29.739944652503276
29.20501143470642
28.602612947088684
27.773544764505885
29.00046650083169
30.101799066355863
31.12318782188188
32.07855864202446
32.981184987552915
33.842483486020825
34.67118105675996
35.47183094578652
36.24660565332873
37.00297820478258
37.75617954398675
38.54350845610028
39.36750156916412
40.22470603647371
41.11613908225058
42.044299989618345
43.00143108860012
43.98069892540989
44.97177890201386
45.95834771110219
46.939068221288935
47.91975564299623
48.90600054099561
49.898565210073656
50.89853773917833
51.90383218061196
52.90400595764435
53.91223233449287
54.946459531638624
56.00935365032448
57.098954390611
58.23198631018149
59.46222253142345
60.9345512681823
62.850185359562786
64.95291426376326
67.11566560028959
69.27931559852338
71.43594561785494
73.57821005454585
73.30287761535966
72.90973049734762
72.00319423478538
70.92567308128571
69.94371880905145
69.29240441157344
68.7745535600429
68.3122783368502
67.8575837460037
67.3867936017116
66.88911069947535
66.32036316638141
65.5373052987381
64.42386957684646
63.18965865862382
61.8779600234454
60.496536816286415
59.062804479875226
57.59054951884935
56.08518466325165
54.54638008531731
52.9849184253405
51.40719865884252
49.82361674016679
48.26403649803068
46.730988964275966
45.222252792057624
43.7371431060041
42.279481177153045
40.84456758083776
39.42652379499799
38.01745726909133
36.60184410529689
35.17647644491467
33.74681201105319
32.32118625489041
30.901151986629078
29.485861479347978
28.07600057800966
26.663650197495635
25.25711429247556
23.868797955163917
22.506030436277626
21.160401052490155
19.843256844845833
18.57739072635883
17.45475504027087
16.99809081977457
15.70610022590904
14.414109632043477
13.122119038177928
11.830128444312365
10.538137850446816
9.246147256581267
7.954156662715704
6.662166068850155
5.370175474984592
4.078184881119043
2.786194287253494
1.4942036933879308
0.20221309952238187
-1.089777494343167
-2.38176808820873
-3.673758682074279
-4.965749275939828
-6.257739869805391
-7.54973046367094
-8.841721057536503
-10.133711651402052
-11.425702245267601
-12.717692839133164
-14.009683432998713
-15.301674026864276
-16.59366462072981
-17.885655214595374
-19.177645808460937
-20.4696364023265
-21.761626996192035
-23.0536175900576
-24.34560818392316
-25.637598777788696
-26.92958937165426
-28.221579965519823
-29.513570559385357
-30.80556115325092
-32.09755174711648
-33.38954234098202
-34.68153293484758
-35.973523528713145
-37.26551412257868
-38.55750471644424
-39.849495310309806
-41.14148590417534
-42.4334764980409
-43.72546709190647
-45.01745768577203
-46.309448279637564
-47.60143887350313
-48.89342946736869
-50.185420061234225
-51.47741065509979
-52.76940124896535
-54.061391842830886
-55.35338243669645
-56.64537303056201
-57.93736362442755
-59.22935421829311
-60.521344812158674
-61.81333540602424
-63.10532599988977
-64.39731659375533
-65.6893071876209
-66.98129778148643
-68.273288375352
-69.56527896921756
-70.8572695630831
-72.14926015694866
-73.44125075081422
-74.73324134467975
-76.02523193854532
-77.31722253241088
-78.60921312627642
-79.90120372014198
