-0.00469040690246165
1.60036342058929
3.87161698461275
5.1820873628595
4.47137861875599
3.24104171514829
1.59300443826454
-0.0114039707034751
-1.73285857568364
-3.76032954849721
-4.28815260225327
-3.72881785936248
-2.62716978783461
-0.315959618383365
1.24039210304295
1.00739987672074
2.12454844600061
-9.96656240051309
-17.1144149373605
-26.993815187379
-41.3529549983177
-68.1287906181504
-92.9067385150699
-135.515305136829
-174.050194710208
-178.996417084535
179.269335568833
176.763084986147
175.971745831471
175.201339604056
173.891830171053
173.244185284247
171.975510141257
163.48087822802
70.7195449238566
38.7576664719668
22.816040239836
17.2178681995992
12.4913837696794
8.10445387420977
5.41419748052167
3.2434988878186
0.93597955010792
-1.05713832553342
-2.85863407779509
-4.53149181907443
-5.96310231005649
-6.31890497056822
-6.39772762682064
-6.79428108490332
-7.3445122806445
-7.31165886415606
-6.8943791039614
-7.47214108758653
-5.54188801829939
-3.46256217605375
-0.360779118658534
0.403498315249602
0.610911374810506
-0.0541095913460517
-1.03769263094992
-1.50770847996985
-2.17000043179822
-2.42113399196923
-1.55828929547819
-0.27519748513343
1.95179047319647
4.72970522738773
5.46248703527663
7.11464847428794
3.02517990671615
-3.10427495943156
-13.1462683305487
-28.6595337160289
-64.8209178285393
-99.3023000742089
-148.428051249544
-167.489478772672
-172.443599141398
-176.63006423601
179.773846017207
178.7700945217
178.200575387707
178.041327121906
178.268082977875
175.661499946479
128.429869103676
39.2679084070947
26.6891811849735
23.2427664585246
19.250264708579
14.6905765173627
11.5759191965551
8.83491069137794
6.0034288608075
3.52744485595501
1.20339526600454
-0.922162722996495
-2.65109612474659
-3.06388707129796
-2.92075951166771
-3.09882805015678
-3.33111363475611
-2.97460796251596
-2.34597674666066
-1.56754684119318
-2.13149261415129
-0.65909990329377
0.773518480388541
3.86437125248753
5.42392481396958
6.44862652861728
6.58772289914149
6.05541126020435
6.05388711085798
5.37235278622513
4.69899801316463
5.10881258034279
5.96501388437996
7.48361606826321
9.6525459477601
10.084012643453
10.997392866246
7.38272094606106
1.48857392437904
-8.74460191367401
-24.4811519961896
-58.3192345338171
-89.9030560992443
-135.866727091459
-162.98917839863
-169.480679115478
-173.36340923785
-176.245528161777
-176.736718239689
-177.400315560828
-178.061555519577
-178.899923582477
177.926846158186
126.113238288393
53.7745976772045
29.0211616807288
23.7194813741335
20.1130011597377
16.3569475031424
13.6578936375081
11.1617365434278
8.53786137578495
6.01414586808591
3.58125505792915
1.2194856150669
-0.788583736319763
-1.86800051249022
-1.92833607045257
-2.70697314120632
-3.02987114836005
-2.77177842867232
-2.20970274530411
-2.91424660830061
-1.19450496709903
0.257394348844844
3.74100928729484
5.08337108403919
6.16464241874492
6.01938882709413
5.30919363546192
5.23231969088441
4.52508032636188
3.9720253386667
4.64917592887617
5.41096123786853
6.93520366190959
9.26299864258807
9.76137299609422
10.6893693690233
6.70690799746704
0.468561720432809
-10.2240772361725
-26.7953837035727
-61.3023162080756
-92.3822844306685
-137.182596893109
-162.83064530341
-169.537060063588
-173.236744307386
-176.194112053857
-176.757971112908
-177.431345769887
-177.958088974554
-178.531728381961
179.144493831508
127.621766639214
54.598356401532
31.0727843256207
25.291266306262
21.6624643369434
16.8218581326434
13.8364329591605
11.4267145954083
8.77463312590694
6.21439752732918
3.77274627215663
1.35819578770766
-0.718005441804842
-2.03069431814759
-1.96233680562129
-2.62154613117641
-2.93445626824481
-2.62445586823875
-2.04974560263529
-2.72955148130317
-1.14170003277581
0.330250490890468
3.92430984291993
5.51425543371027
6.79353494348019
6.86646189260978
6.20484844686145
5.67851398993679
5.40246614714845
5.07358083367032
6.13941374894915
7.26122858233777
8.87665762991502
11.0763680169266
11.3770860210525
12.6598636995135
8.12575117475894
1.64946105896717
-9.1435709705131
-26.7382643893123
-62.9900942806224
-93.4105730259223
-139.958532737598
-159.692551102608
-167.453985018638
-172.561011045991
-175.713787235197
-176.280879577305
-177.033016967299
-177.675064969785
-178.674869683956
177.591646529719
112.808003184044
45.4316827362342
26.4709038752902
23.3209000150167
19.2788957496726
15.5875611185164
13.0895198194039
10.5826013714072
7.97959769592188
5.55240552670509
3.20273351301851
0.910341658533252
-1.01696085078071
-2.03646424050228
-2.03417284731452
-2.84928245549585
-3.10119910080133
-2.80379448335812
-2.37262790658719
-1.70379715374819
-2.25170054507549
-0.613239955521759
0.829370388006634
4.36053136778896
5.82324271085097
6.89310303285089
6.91414456581178
6.24736814008727
6.32216717291731
5.64039007149948
5.06688765102878
5.61932158229241
6.54973647095582
8.34367912439503
10.6072851551206
10.961223850447
11.8935285324071
7.75715029908495
1.65246888482946
-8.90574940322372
-25.5416604928547
-60.2298516203355
-91.0706718148733
-136.551750358863
-162.297841161442
-168.806689727043
-172.452176071605
-175.309111130788
-175.861955649985
-176.591676032967
-177.218747939356
-178.035512435984
179.223783273036
128.443991629586
55.9646713973575
31.9240592829857
24.9719631782575
21.0597765810362
16.2476575484905
13.3413331533714
10.9854117768042
8.39859909510647
5.87977474778126
3.46857237376073
1.09724029425266
-0.955902217098756
-2.26451617494965
-2.2041543803876
-2.90681323253735
-3.19451833332523
-2.88573232121736
-2.31402429564414
-2.96935700888074
-1.34747482072362
0.102182233005107
3.7034745807833
5.26496789139135
6.49800129862729
6.56709459246635
5.91855894383297
6.07806046863283
5.49892839715738
5.10488678920477
5.80958816610479
6.53969090730301
8.17081355300277
10.4144516200401
10.7127007837775
12.0524988082994
7.30522901121991
0.392781583890511
-10.9045151421743
-29.1662972747731
-57.8330625652299
-89.2271122600006
-137.952460540157
-161.181545609731
-167.824398340939
-171.753142151401
-174.955785281676
-175.879767607253
-176.756349868287
-177.363093739079
-177.995245332781
179.879675031705
132.655305048822
54.4726965621433
30.904669318636
25.5443350338085
21.544060634908
16.6442634541511
12.5867811296061
10.0477766535757
7.45424090886714
4.93207631730569
2.51883601120744
0.217011948045434
-1.63765522969515
-2.38992092025802
-2.37377447587859
-2.92311357953755
-3.13635487601709
-2.79514394561407
-2.16053346476492
-1.42858038082503
-1.93488044986548
-0.481449790689969
0.933412835091668
4.22933208014586
5.84913532744365
6.93518231396139
7.05473839788354
6.42797415314424
5.87806769138849
5.45359082800986
4.98357621050258
5.94800411809097
6.80338696058171
8.04002841690355
10.2598963697365
10.7236045354849
11.5969786620742
7.69910304075573
1.86840284726741
-8.38153530627849
-24.3092998454064
-58.2997344173871
-89.8195101536555
-135.709998731254
-162.676984370815
-169.054881792815
-172.783068772323
-175.602749752652
-176.091684662339
-176.734682875442
-177.362174462548
-178.143061093512
179.010792730999
127.262723318689
54.7546233853968
31.4301048747491
25.4699715901501
21.6741842764107
16.9219217863766
13.9225271923656
11.5016129319797
8.83893156945646
6.26984265189726
3.83498792216663
1.38876297734366
-0.712145962085607
-2.01119143841706
-2.01841941055196
-2.720633970718
-3.03663720466467
-2.725887799678
-2.21108248289852
-2.74923286591354
-1.2497109462912
0.280762937630461
3.92841963255824
5.57358219756985
6.79832968481459
6.95082712403688
6.30775289171476
5.82077687446137
5.59395531020098
5.28993083512866
6.33823632867064
7.46845655701617
9.12348101251667
11.3338160708475
11.6158276921747
12.849242841072
8.36852184056016
2.05699417727455
-8.65395628312305
-26.1597348494272
-62.3149423988074
-93.2767880958475
-140.469386322942
-159.903238403512
-167.441352407491
-172.534562610565
-175.583203332399
-176.137155389592
-176.883949816284
-177.573286361016
-178.661399102364
177.419977802646
112.840257807434
46.3197783424189
27.0632577459187
23.4275481031496
19.2782749565232
15.5186761809903
12.9500714505674
10.4253042802808
7.83767677690184
5.42213451829677
3.09080704101136
0.800581485475209
-1.11303463569876
-2.14010055374
-2.12063343334798
-2.95726751274412
-3.2146604610358
-2.87635364269456
-2.30953018082824
-1.64087385248453
-2.21268117009186
-0.580667073116723
0.894409663904327
4.45674194084742
5.91132572179371
6.97657770256737
6.98994753790828
6.31597950285433
6.39340414843019
5.6825398051343
5.12431063665734
6.12238297270339
7.19102493948317
8.63388596693511
10.6610071945422
10.9257111565622
11.8218582745223
7.49360590067704
1.18062139697698
-9.58248922182348
-26.2102293390151
-60.3372745721278
-90.8315381490522
-135.91910800892
-161.916276053705
-168.601329106509
-172.381926351718
-175.362528262
-175.924556272061
-176.571599323656
-177.180401885044
-177.97078713596
179.191200105442
125.352608646718
51.8303982918133
29.8843895992483
24.0135917521365
20.3163605302623
15.8596328919353
13.0572814894654
10.7336738089477
8.14465688049088
5.66203438153801
3.2814261057676
0.906797745459928
-1.12631031968682
-2.35201244849681
-2.32789586210155
-3.03816126883132
-3.36792441823784
-3.08580401758392
-2.54203176850096
-3.10030383985354
-1.54298526213904
-0.0798806239681098
3.4990179687513
5.10382478181872
6.30568718712623
6.4455191797048
5.8115142966591
5.94561991564058
5.39137165806244
4.96295706081457
5.95723547660997
7.11345846816645
8.81315236340435
10.9007432382122
11.118712794656
12.5149885593933
7.69241934396082
0.60180505288391
-10.721983934604
-28.727100025175
-64.6914191700503
-93.6411309209752
-138.71191732295
-158.978566405144
-167.263357174992
-172.542598744388
-175.966979160811
-176.636730082785
-177.444935478449
-178.106781027062
-179.097963761036
177.152377557115
111.202717752655
45.9183012431491
26.5813686638203
22.6149297981405
18.4120548397347
14.5413596587293
12.0014625941628
9.55449413970958
7.09319428527404
4.7701375476024
2.49903582507746
0.294428564728396
-1.56296613818218
-2.54325869905253
-2.55104072935509
-3.32697413264221
-3.53979625279841
-3.24244524053719
-2.70687439878271
-2.03536751487477
-2.6182669752912
-0.982242549534006
0.362459417140036
3.70346952247739
5.16412445853277
6.13555302190007
6.15591873795577
5.48477521675987
5.44272267663358
4.65828246921585
3.9528365152377
4.73212527800559
5.66542015625065
7.1442481336604
9.20580529907759
9.44857296274841
10.6356017636605
6.24592001787519
-0.441283807382506
-11.5376969762692
-28.6934686230468
-63.7862114044945