-19.46632460014548
-19.889688351466475
-20.313052102787466
-20.73641585410846
-21.159779605429453
-21.583143356750448
-22.00650710807144
-22.429870859392434
-22.85323461071343
-23.27659836203442
-23.699962113355415
-24.123325864676406
-24.5466896159974
-24.970053367318393
-25.393417118639388
-25.816780869960382
-26.240144621281374
-26.66350837260237
-27.086872123923364
-27.510235875244355
-27.933599626565346
-28.35696337788634
-28.780327129207336
-29.203690880528328
-29.627054631849322
-30.050418383170317
-30.47378213449131
-30.897145885812332
-30.958329586626277
-30.968612790121565
-30.97839519409893
-31.014516143264746
-31.101678571437635
-31.22487334128625
-31.392286118927498
-31.602345520288377
-31.835971578286102
-32.086462171892826
-32.31539149956787
-32.49764382915104
-32.632067885152296
-32.75078090123277
-32.915811516437
-33.26473101518793
-33.85888183033318
-34.7079620566282
-36.31748729927561
-38.857894888315066
-41.799621663039694
-44.769866509726036
-41.14459122237048
-37.32431497416656
-33.037751226389524
-27.824866048805152
-22.102093053398246
-16.106905667478536
-9.995502640081977
-3.8645134377356523
0.9642043087710217
4.788198662091944
8.399084508536848
11.923707583684251
15.252147869253026
14.75751318179931
14.699021560942363
14.600443375469409
14.515912272352951
14.38910158380517
14.22424609359253
14.024048864118758
13.839152561170314
13.65490835959606
13.447744641066821
13.216226709062422
13.000848022392873
12.804015653749985
12.622029666513779
12.446071375404205
12.27796888041989
12.13273389561084
11.997782692147698
11.88829824280899
11.825730261404196
11.76876528178085
11.677589368561401
11.543397399209617
11.386670700070288
11.211077911287957
11.00415913104315
10.781370645109119
10.558145780119373
10.37029559925404
10.25962610762552
10.19752018185926
10.146381594333565
10.120997858823872
9.986026974291402
9.704433200184623
9.418169227768159
8.95463327462022
7.729547027875911
6.387667856115175
12.177457004215954
18.40945748292847
24.726025721324103
24.575527920352695
24.4619146729468
24.35428898303007
24.249321747045624
24.165654138745758
24.107911233146403
24.046240077203738
21.742902232962777
20.41313478820421
20.019140405626043
19.794075392138847
19.598312814928725
19.4391370783784
19.337786483804276
19.275576494956827
19.225047334974843
19.154345879351617
19.063755963274968
18.987651359063662
18.885451133866184
18.745914060970282
18.6056352062028
18.481066368275908
18.354775021757973
18.22530535047943
18.099423251072544
17.999220694072825
17.91679433711411
17.875203808672964
17.876890357117084
17.921160829100966
17.956724601897278
17.97156297197873
17.970087574897416
17.965359297006213
17.949055346480726
17.928838334832694
17.925742119157793
17.98812687708776
18.15244839312414
18.43107743795818
18.76061372097739
19.09859308931893
19.521482640505937
20.038562182591058
20.442494790393088
20.814565607613307
21.115620227170137
21.23344309406304
21.3820209366409
21.872521760952207
22.57478888867139
16.88807830828037
11.12474282905148
5.383389724255261
-0.3348960529041548
-6.055135897479771
-11.520752324692005
-16.483739889887147
-21.77682371125613
-22.733512787690255
-24.733866825398348
-24.593773703284736
-24.177461296639066
-23.737391746453063
-23.293091378064652
-22.82780074829434
-22.343328211368156
-21.909309605791165
-21.49610690675626
-21.064759829052278
-20.60208716506922
-20.107068466842584
-19.613641978377718
-19.08043177259821
-18.518842954820244
-17.928194569365434
-17.30100912473751
-16.585448063557514
-15.784623438311762
-14.901466957285269
-13.912681715218149
-12.698683418319877
-11.181718578457843
-9.521426294058752
-8.301812432071607
-7.082198570084515
-5.86258470809743
-4.642970846110337
-3.4233569841232523
-2.203743122136167
-0.984129260149075
0.23548460183801012
1.4550984638251023
2.6747123258121874
3.8943261877992796
5.113940049786365
6.333553911773457
7.553167773760542
8.772781635747634
9.99239549773472
11.212009359721812
12.431623221708897
13.651237083695989
14.870850945683074
16.09046480767016
17.31007866965725
18.529692531644336
19.74930639363143
20.968920255618514
22.1885341176056
23.408147979592698
