33.56891628712091
29.825607258949677
26.08229823077844
22.33898920260721
18.595680174435973
14.852371146264737
11.109062118093505
7.3657530899222685
3.6224440617510325
-0.12086496642019995
-3.8641739945914395
-7.607483022762672
-11.350792050933904
-15.094101079105128
-21.088501957585237
-26.843932563369375
-32.80473757754126
-38.961121234224635
-45.25454990883745
-51.620824772103205
-58.07689319739185
-52.78553483707802
-51.80210820009389
-50.9520071860155
-49.99874068063227
-49.230379902796585
-48.64442749905034
-48.31599313407209
-48.206319905584486
-48.2754202662434
-48.57942068351161
-49.072138299915544
-49.39966436325871
-49.63129148467957
-49.83419993091715
-49.84330007994835
-49.321309357226205
-47.42852377736437
-42.84280004641431
-37.01533022726161
-31.114221033820353
-25.191762179499786
-19.51460339275812
-13.710483177758544
-7.767063372684645
-1.6673794600210674
4.373201821890887
10.292284243543264
4.2438020918467645
2.3506997690572793
0.5184605044934747
-1.3912047748878917
-3.162703152972755
-4.7843143240441
-6.162928152622911
-7.865833906395574
-10.30033906703658
-13.859090414393291
-18.805830104615325
-24.848044996223532
-18.31763152467659
-12.191034392100567
-6.376679647911859
-0.8616954874392073
4.593116708726066
9.951686482562526
15.207825535560037
20.393274171370898
25.26637712940926
29.55635183236267
32.83204547400817
35.307250999944806
37.2910783603295
39.11991525723728
40.88774533872379
42.6598378270761
44.43234738276023
46.14044583176739
47.612892576736584
48.820060973804466
49.74288313070916
50.36845788939434
51.268666882300664
52.91098479381463
55.72096180341904
59.984170436013606
65.41308654427192
58.36931874216647
51.8875351029105
45.89748041689011
40.313312489287654
34.912530444192875
29.779909675645445
25.04874103133406
20.70545852697977
16.858891072583027
13.012323618186294
9.165756163789553
5.319188709392819
1.4726212549960707
-2.373946199400663
-6.220513653797397
-10.067081108194145
-13.913648562590879
-17.760216016987613
-21.60678347138436
-25.453350925781095
-29.29991838017783
