-0.634922165382002
-0.787237093194991
1.41806780936804
3.63397031008349
6.10042067372491
7.38089942653442
8.33564665894832
8.55764195480858
7.66523191499514
6.31473282135131
4.94868178400173
3.893770577767
2.9870626416448
3.51158514228145
5.09715068783237
6.31138914599925
7.32367302949975
8.37379037906806
7.68436782298337
1.06960325468911
-7.02056432196307
-14.2223344908167
-23.8689269320974
-38.8614436002743
-67.0859150589136
-120.401350400828
-150.50277915608
-166.7280507954
-173.656434976696
-176.896936597243
-178.119590414521
-179.291191958342
-179.61059038894
-179.282840399213
-172.964686336459
34.0122470321383
7.16019955320487
6.83292512658867
4.59412271181122
5.03953155433004
4.93893055587647
4.89775757235073
3.71259473023078
1.68194097015279
0.343987471108216
0.314035035567744
-1.4159460962001
-3.27254838013806
-4.55217034329356
-5.02379459506641
-5.39352531313251
-5.93346571506843
-6.27112849617723
-5.81302476961854
-5.8675832735605
-4.00002571014895
-1.35281328543579
0.880035590612646
1.64731810596355
1.30648712421616
0.605187084860667
-0.872056111320533
-2.99562512003962
-5.18420127487975
-7.4622498270183
-7.64243123812612
-6.13010754930733
-4.40626043842431
-3.01763074214432
-3.97953314840102
-12.8791832853006
-25.3546218034895
-38.3256220671579
-80.8395205226243
-138.652814142481
-168.815536931818
-177.585801058564
175.521213872458
171.25375005094
168.675091068824
166.307334366312
164.2497355913
163.007255430184
162.470731530115
160.307469531805
87.4598856433461
31.0284974743086
18.9881311655298
14.5714287338941
10.0995293698237
6.80733922218402
3.94316040607268
1.41112492557643
-0.0550879595939844
-1.93505631579798
-4.12812140581891
-6.11309004870639
-6.45670193193374
-8.45149011643094
-11.0500170480001
-12.4194512246745
-13.2617738630252
-14.0983286554968
-14.561399641285
-14.7015006060929
-14.6391625372698
-13.9213898795662
-13.6934446866501
-11.8346694832475
-9.30882225082408
-7.13309958943324
-6.36748851250517
-6.50052272373559
-6.9726503466995
-8.351116258812
-10.7753458286039
-13.1254228376922
-15.2729926944755
-15.5159612224731
-13.5490718665868
-11.0582571552706
-8.94272986322057
-5.80236589145735
-10.4410293914301
-19.4671907242738
-28.6237017682063
-50.849099226626
-105.705365638095
-154.642874969465
179.785589003062
173.94448939737
169.825452053196
167.243834819031
165.005021443615
162.755678123405
160.534136387167
159.648017134807
159.83139562222
159.078817953268
33.6238880985523
14.3226761816245
9.35880643251004
6.60955542373443
3.80448698733713
1.34486385955544
1.23305652060725
0.521611019463444
-1.3679788734329
-3.94366801887144
-6.91750170001376
-8.31387463744059
-11.7341024345677
-14.1312409412085
-16.1668271286425
-17.9013031339791
-19.365475283161
-20.3826057833447
-21.0218441228759
-20.0725402762696
-19.2349502388222
-16.9266416015327
-13.8286297151396
-11.2585687275367
-9.87866197945038
-8.492711896344
-7.21424642890555
-6.62754379652133
-7.39724000263734
-8.08458598734121
-8.52140812093178
-7.34418414245571
-4.08773945569154
0.0516047713972347
2.60853434358313
5.03979339219832
12.2006681600144
19.496644951461
16.4139275376546
10.0228655556822
-2.90918664864876
-22.1434440890965
-42.6773178848442
-78.7278203009727
-116.01818294491
-132.983492918444
-143.038961960219
-145.948968710596
-147.261882924737
-149.608170008044
-137.853225373268
-112.430179698566
-131.471593040487
107.213496418343
49.0593458793229
41.3290098148013
37.2198585471359
33.5626316927402
31.0460756850972
29.3954716247044
27.9908533904956
25.1040798273414
23.2477594663835
22.3561104002861
21.5033285001969
20.3085267024511
18.8245822281272
17.5924588833051
16.7561440365799
16.3188340713719
16.5938963205565
19.9903830817388
23.6627486051718
27.5517623335812
34.3106480374219
47.5349560905828
66.5064245908793
77.4874459268105