4.641233388029532
4.436632343801859
4.232031299574187
4.0274302553465136
3.822829211118841
3.6182281668911687
3.413627122663496
3.2090260784358233
3.0044250342081504
2.799823989980478
2.5952229457528055
2.3906219015251327
2.18602085729746
1.9814198130697873
1.7768187688421149
1.572217724614442
1.3676166803867695
1.163015636159097
0.9584145919314242
0.7538135477037518
0.5492125034760793
0.34461145924840597
0.14001041502073353
-0.06459062920693892
-0.26919167343461137
-0.4737927176622838
-0.6783937618899571
-0.8829948061176296
-1.087595850345302
-1.2921968945729745
-1.4967979388006478
-1.7013989830283203
-1.9060000272559927
-2.110601071483665
-2.3152021157113376
-2.519803159939011
-2.7244042041666834
-2.929005248394356
-3.1336062926220283
-3.3382073368497016
-3.542808381077373
-3.7474094253050456
-3.95201046953272
-4.156611513760392
-4.361212557988065
-4.565813602215737
-4.77041464644341
-4.975015690671082
-5.1796167348987545
-5.384217779126427
-5.588818823354099
-5.793419867581774
-5.998020911809446
-6.2026219560371185
-6.407223000264791
-6.611824044492463
-6.816425088720136
-7.021026132947808
-7.225627177175481
-7.430228221403153
-7.634829265630827
-7.8394303098585
-8.044031354086172
-8.248632398313845
-8.453233442541517
-8.65783448676919
-8.862435530996862
-9.067036575224535
-9.271637619452207
-9.476238663679881
-9.680839707907554
-9.885440752135226
-10.090041796362899
-10.294642840590571
-10.499243884818243
-10.70384492904591
-10.733425341152886
-10.769730840980216
-10.820438820304147
-10.880425055401643
-10.945778274674753
-11.01198361945518
-11.077387086849624
-11.14646616466404
-11.197011667361947
-11.227991406883984
-11.24937349348051
-11.277889494680254
-11.315304087091892
-11.373693506190154
-11.4463556348867
-11.529704478070753
-11.634787696937247
-11.726327315239375
-11.761494721346816
-11.72933552025148
-11.598623536081822
-11.305059013123023
-10.70813237819859
-9.752331786958043
-8.561539043682895
-7.365164915044846
-6.192526948201829
-5.021457147856367
-6.249719013396396
-7.574144324437003
-9.093625753710603
-11.06453120256888
-13.25144815849315
-15.396794424220674
-16.96497130207694
-18.426827327128052
-19.73321812402877
-21.00156533113357
-22.26104708649786
-21.140900095287808
-20.074292737055
-19.26389749543378
-18.955513329259595
-18.713583856435033
-18.600687553285763
-18.511541924539888
-18.43396614994922
-18.37012902886927
-18.320165967472256
-18.282665051543447
-18.254042653680386
-18.23763461329165
-18.23411238287366
-18.232894874504964
-18.244929529293195
-18.27654996692865
-18.321403365099744
-18.37453845726347
-18.433227021948895
-18.503464513960772
-18.568366581842927
-18.619560468807276
-18.66093623229524
-18.70745436344348
-18.76129629242215
-18.833608958511885
-18.943740813951344
-19.09078558479791
-19.247627373464443
-19.421945306545865
-19.618053598804195
-19.756640428016734
-19.79080569036499
-19.7538699297046
-19.630278895741828
-19.336436870687773
-18.69831020699362
-17.761583462753833
-16.75269423609483
-15.772235814976266
-14.816079250094628
-13.96998091060775
-13.36284939217826
-13.174214740139654
-13.170106382893243
-15.486328409848374
-17.133331464856482
-18.54501411231525
-19.968103204334273
-18.94708153634301
-17.90363693832992
-16.852109733890998
-15.822175034538354
-14.958459397644386
-14.682090282292958
-14.390582951630838
-14.273288170425943
-14.190485910766526
-14.113248536740583
-14.056435249287848
-14.017114098249165
-13.991179360240789
-13.976477566013166
-13.973953584768843
-13.985271822249873
-14.010565116725822
-14.033480502818362
-14.070693506357289
-14.124012177764696
-14.18994949901216
-14.263926719060487
-14.348015361088299
-14.448999052085592
-14.552119649946476
-14.647878845720387
-14.745891806791246
-14.860625033076872
-14.99573454213863
-15.159984411659028
-15.357385071408247
-15.582440343786661
-15.816250813749429
-16.06613429015056
-16.329880477566682
-16.530217888732114
-16.634928533326864
-16.643432982999123
-16.569588006497508
-16.366735175030698
-15.845352938364966
-14.979326626357963
-14.042344966808411
-13.079443318313329
-12.160672823195666
-11.32757564324166
-10.666196162944395
-10.431838658921755
-10.300067042956446
-12.147424633771289
-13.390205833418038
-14.507312512930463
-15.662623531985616
-16.854053978150016
-18.067376616848875
-19.290820896746872
-18.175764215688222
-17.30205560674945
-17.002842516812873
-16.74777168753892
-16.589639623618368
-16.486642367508804
-16.400676806436397
-16.325375889329923
-16.26180558505692
-16.210411773093156
-16.17310750568328
-16.150176321451294
-16.14363044165163
-16.14253103540623
-16.16010542604782
-16.19321028849064
-16.238663167600265
-16.285405702044777
-16.333865518645297
-16.392878241029678
-16.44315405270959
-16.473659615877644
-16.494689251514494
-16.51341183211995
-16.539263406829836
-16.579981257936282
-16.645264183192406
-16.730241609769344
-16.811561083619477
-16.88991510536597
-16.971905655553748
-16.96624989584549
-16.872223634067087
-16.717714491591337
-16.525586450851637
-16.22284867478838
-15.674438104214993
-14.717653488418586
-13.597509864827828
-12.461609013714563
-11.387352658579575
-10.397036190235628
-9.594353150448647
-9.137704835423047
-8.838771810650881
-10.947082144894164
-12.966670737295104
-14.740460912890615
-16.02246120809217
-17.24785346518222
-18.37079634700059
-19.555054775244866
-18.969047787021243
-18.31122899350053
-18.09110190996129
-17.915794534703878
-17.742729524424938
-17.569557827816478
-17.395338401233698
-17.227632536214244
-17.074119822519684
-16.936996270653506
-16.817807649177393
-16.71703109536549
-16.63227951503537
-16.549235166854366
-16.47600723456212
-16.422166422953808
-16.382734332846887
-16.348508852349077
-16.317182141378378
-16.28858754253008
-16.26841895268171
-16.2330801888493
-16.17902714323966
-16.115618445898054
-16.051729052058025
-15.990070714375339
-15.944177310971247
-15.91407433462818
-15.878624321208248
-15.834773610768371
-15.792685838261615
-15.655442402046736
-15.455861758538164
-15.175432437529315
-14.823893723133924
-14.35442372799167
-13.575703295217577
-12.369747948082372
-10.982879429113252
-9.62659834697535
-8.403850177170026
-7.31814558621129
-6.3984373322104835
-8.083488629309128
-9.891235976298614
-11.77804097898323
-13.657954114110938
-15.367105766555797
-16.489095325197724
-17.63087620744847
-18.61871464519418
-19.65212383781851
-19.085176277990644
-18.705112472522156
-18.259672210510264
-17.92386151443719
-17.64862348942458
-17.394744124041964
-17.144384791021345
-16.891478290746164
-16.643614746252226
-16.40569566245012
-16.180193117217346
-15.969310150899833
-15.77425557506002
-15.593804725490726
-15.41903667440576
-15.258707393643071
-15.118699892533172
-14.99109168435516
-14.86969416497681
-14.753578816592537
-14.652118782150167
-14.553356803761982
-14.449078168996012
-14.324961630861875
-14.189874277923515
-14.060402656799878
-13.951939047854475
-13.880190307816894
-13.841690094194544
-13.807569164727939
-13.779714590556901
-13.791580482932659
-13.744289236053632
-13.64711403122669
-13.50310215758239
-13.303112047470314
-13.081421611410883
-12.739559748844359
-11.998940604429276
-11.169472312920703
-10.572361602144952
-10.20101072313895
-10.067611633922871
-9.99258660062583
-9.931253919908308
-9.88116442680993
-9.838505589105438
-12.13700872977216
-14.190433063145822
-15.665667216865593
-17.086564352932434
-18.39966840863714
-17.29109952369706
-16.47636600890208
-16.201145638347782
-16.08661349865458
-15.984296301058176
-15.887459704909478
-15.80041569626183
-15.713774860849657
-15.62579193727798
-15.541311863715872
-15.463614707851107
-15.392690075921713
-15.332687673636324
-15.28102667949215
-15.22510145889184
-15.179725556110284
-15.152598555178244
-15.134596820093728
-15.121799193626146
-15.115079474888402
-15.112812988560774
-15.127722758518187
-15.147879209645788
-15.176035681177876
-15.20548776302932
-15.24782878656412
-15.324511243357037
-15.450228536046417
-15.624488113099746
-15.818769785701855
-16.025121846498593
-16.27057875526618
-16.457886022776908
-16.564835508780813
-16.618799905504616
-16.600248916501123
-16.466416988492224
-16.113857557226325
-15.478185521822834
-14.73147044707987
-13.994701649203222
-13.36373966033025
-12.918009122792137
-12.66170010464718
-12.635072922043888
-12.721193158593032
-12.766904286733666
-12.19722396975945
-11.707635993369184
-10.778672260308374
-9.803559567897594
-8.823099480356662
-7.837986562943698
-6.844544715756266
-5.850448787598598
-5.111247910186705
-4.811167516197722
-4.73288123772794
-4.685934667566349
-4.645829425765637
-4.617962444725043
-4.60664037354771
-4.607159887046697
-4.617187861525437
-4.637135727104335
-4.668916507275384
-4.713399198145989
-4.759873427684065
-4.8211681875935675
-4.895418954923778
-4.980499940367933
-5.076395618514235
-5.186058260382296
-5.319505756191432
-5.461212494728385
-5.610561013738362
-5.769379107401793
-5.950971959106001
-6.168121884092835
-6.427766566208704
-6.747494686945505
-7.107729119522602
-7.471516762565299
-7.891473064630038
-8.292389375272501
-8.641644150431855
-8.904785924483534
-9.026220427014032
-8.974980152427857
-8.711037691345707
-8.211890834733891
-7.6129860572187384
-6.97140868895221
-6.360347974669664
-5.925142618441977
-5.836187779467706
-6.080720950471798
-6.368493407547251
-4.213853604533225
-3.6719388724494513
-2.9294779739660637
-2.247889904874769
-1.453988331862382
-0.5892912978043765
0.31431153106886867
1.2167526659524106
1.8832405512668084
1.8493108510729452
1.7434861333402853
1.6301886957712963
1.5293170103952118
1.4409923629692445
1.3586176358921165
1.2764870396648897
1.1868479273477677
1.0876334031498898
0.9762801914083061
0.8528314917700273
0.7174982332749884
0.5815667388028665
0.4404335056528561
0.2937447144950206
0.12493951836755547
-0.06421494156013408
-0.2595790022097879
-0.4550597813464594
-0.6564381623016566
-0.8522937572553744
-1.036824713847114
-1.216228673274966
-1.39667191058898
-1.578877982942674
-1.76474577789895
-1.9609651822851897
-2.179345456484891
-2.3319821782252976
-2.418941836754955
-2.4315453345983764
-2.306181792172712
-1.8757671233211142
-1.2148363643404188
-0.31502789297071243
0.6874214980338201
1.7760930975528166
2.850491081111157
3.9241080282763057
4.984600764848094
6.011256361684902
6.069335355276421
6.127414348867943
6.185493342459465
6.243572336050987
6.301651329642509
6.359730323234031
6.4178093168255534
6.4758883104170755
6.533967304008598
6.59204629760012
6.650125291191642
6.708204284783164
6.7662832783746865
6.8243622719662085
6.8824412655577305
6.9405202591492525
6.9985992527407745
7.056678246332297
7.114757239923819
7.172836233515341
7.2309152271068635
7.2889942206983855
7.347073214289908
7.40515220788143
7.463231201472952
7.521310195064474
7.579389188655996
7.637468182247518
7.69554717583904
7.753626169430562
7.811705163022084
7.869784156613606
7.927863150205128
7.985942143796651
8.044021137388173
8.102100130979695
8.160179124571217
8.218258118162739
8.27633711175426
8.334416105345783
8.392495098937305
8.450574092528827
8.508653086120349
8.566732079711871
8.624811073303393
8.682890066894915
8.740969060486439
8.79904805407796
8.857127047669483
8.915206041261005
8.973285034852527
9.031364028444049
9.08944302203557
9.147522015627093
9.205601009218615
9.263680002810137
9.321758996401659
9.379837989993181
9.437916983584703
9.495995977176225
9.554074970767747
9.612153964359269
9.670232957950791
9.728311951542313
9.786390945133835
9.844469938725357
9.90254893231688
9.960627925908401
10.018706919499923
10.076785913091445
10.134864906682967
10.19294390027449
10.251022893866011
10.309101887457533
10.367180881049055
