-1.10769476165263
-0.939281222993307
0.51565574232479
1.6380523059786
1.66189394535472
1.13598392274365
0.550698281829375
-0.913881465481456
-2.35172671038107
-4.26095728977087
-5.0513523223088
-4.2005138173239
-3.18836065939409
-0.149872165527357
1.21295904156813
1.24024926393535
3.37969253829151
0.31147043701952
-7.3258400835898
-16.0631189481802
-29.060885324332
-57.10365135367
-108.230942943117
-156.370102666071
-167.924230518475
-174.583890414483
-179.17734179748
177.671796771137
176.327319889973
175.035839465151
173.327362742743
173.222231406917
172.278466685657
158.097404922711
63.708940178997
104.394536498997
33.7155088073692
17.8219383356139
13.9206499800751
11.0640885518355
8.06328635003466
6.19919050586026
3.94118548457407
1.5611090738203
-0.641077622465252
-2.33511044378026
-3.65687017718477
-3.70811183021024
-4.1546342481899
-5.20705110476488
-6.111391727438
-6.4699854224275
-6.27446385760238
-7.61298839467901
-7.83364451541375
-7.43534339517026
-5.17541964069402
-2.99095039783218
-2.38689464453457
-2.18055093054729
-2.39730521464106
-2.78964759058952
-3.25298399548768
-3.54461216034985
-3.29529027635052
-1.63905017237339
1.61782704676022
3.09229748960614
3.12192757889297
5.8186002216427
1.49708233362039
-6.78922808248715
-15.8241459801089
-31.337174101526
-63.175799156675
-111.606544496067
-156.189552291018
-167.065511279381
-173.95165037945
-179.196630170429
177.878884477787
176.626174410892
175.145922270922
173.903327989708
173.604442583883
171.837031226549
158.947281673035
39.6183822673976
13.7858978438292
9.16645155229161
9.8719907185711
8.46810838759029
7.12039404090757
5.59866684679076
3.36448058057967
0.990926188180904
-1.31449406597326
-3.49061445967352
-5.43993986024129
-6.88102444180191
-7.19843282841164
-8.35159629498865
-9.21842635978607
-9.47465887952253
-9.36490361569003
-9.17949560562445
-10.5886473877506
-10.3827486682564
-8.98235162546734
-6.31410919495475
-5.5773058052498
-4.70534433590546
-4.50693462920785
-4.6412492577038
-5.13695254960099
-5.69595371379882
-6.21306155965214
-5.02592707975473
-2.48261218170779
0.950694373320336
3.16397615219683
3.20481568730001
4.69412508153871
4.76498861324425
-2.96357065398114
-10.2804884459255
-20.1348023564024
-37.8404888279866
-87.4379256050791
-137.444961083356
-165.72898736927
-174.093470927211
-177.983407897349
179.416671590197
178.684038530255
177.385458919908
175.934528761299
175.336979397442
172.820299966412
135.330539273758
45.2787645764347
18.1898492494506
17.762417640524
18.0549338303041
16.1444837509991
14.4004001890705
11.9243737299665
8.94454293278237
6.00268820624983
3.11884355320005
0.474121495227987
-1.777480124454
-3.20096877199471
-3.77310571664811
-4.79537125322129
-5.5806123614865
-5.74486293980204
-5.56006869005964
-7.22550609285092
-7.0553433608149
-5.60440472480437
-2.81204855415213
-1.48628898836473
-0.0421558775210302
0.50941650013524
0.624302125956771
0.456184270838165
0.241483649183705
-0.0855692357761794
1.09405620581184
3.32907408445497
6.52328416117139
8.45184511254729
8.49247968186447
9.87055849191782
8.75183785783628
1.10419302406254
-6.65567438231173
-18.2037642866371
-42.1707741473819
-96.2053632065125
-139.356838331367
-156.322507095468
-165.23838676523
-170.333038877951
-174.270795093768
-176.278237341158
-177.784441116315
-179.593682180937
-179.943424110074
178.568434877346
159.665583958335
95.6425630103747
54.8528955098802
35.1000613206678
26.5302387364695
21.7992841831729
16.7704015287444
13.4213205438985
10.1876176320283
6.92759907388121
4.02503652977773
1.86213647689501
0.300928103458856
-0.307812750820944
-0.276809898812039
-0.974989527686547
-1.84510241405956
-2.44379716051516
-2.39200889027733
-3.63481128442866
-4.034021037852
-3.91901759724474
-1.90673889790259
0.969080405374394
1.65140790024328
1.76945096850449
1.51161096903395
1.07859237870558
0.660757661012253
0.382971069822562
0.0849221144899376
0.646066497426284
2.65054435312229
3.86574235727279
4.1077878506641
7.00611739566916
2.24532385005731
-6.07458571205463
-14.8164066693628
-29.6471924751908
-61.1940021617869
-110.037161702333
-155.290146290973
-166.139736254258
-173.007455415801
-178.310405650197
178.943625432148
178.076814915448
176.619794023496
175.351687154331
174.929850700814
172.865648214893
161.825322429937
38.2129383268996
9.54505884411361
8.70706229984869
9.18657845180182
6.86131515051629
5.53985931537744
3.90150568594921
1.78040452892719
-0.382151060679298
-2.16098925378337
-3.48712794279369
-4.23464577152678
-4.08804709558982
-4.43365785331236
-5.37147660458595
-5.85127587818733
-5.8383569921916
-5.26548909256677
-4.41388192643424
-5.32021004974507
-5.52847282422482
-5.50134578857907
-3.72612052005314
-1.3367709455237
-1.6401713017875
-2.26587723702314
-2.84475987120687
-4.10045352983592
-5.47507591445842
-6.6365704650437
-7.13629564832454
-6.44848605661482
-4.72318779688757
-3.94907259101126
-3.6631193062345
-1.79997824437569
-3.98548334805435
-11.9960590711374
-20.6537735751679
-31.0681209822209
-52.6046982052167
-96.6391380549899
-145.932855541566
-172.61643774819
179.563710040204
175.418117811795
173.123166104054
172.777150585602
171.552300271545
170.195230310673
169.801984992594
168.525584575284
149.206005309313
52.0003937238625
34.4924343094238
16.6128270395572
13.10046784036
10.2575662191587
7.88340098024681
5.70017022552835
3.02841130536954
0.502024597821206
-1.8840962140123
-4.04158955232825
-5.97413578890071
-7.20572758725857
-7.41886011365033
-8.12734495867826
-8.9487643245851
-9.21777274408043
-9.145439793712
-10.6305610802905
-10.4064098630807
-9.06538933198868
-6.64556196975726
-5.77473631634156
-4.91562226713299
-4.75104723401865
-4.9483672246241
-5.5859998960771
-6.29066832140871
-7.06278425067049
-6.20110678492617
-4.34875475074473
-1.14058952821507
1.3840577815789
1.69758809158082
2.93910577065535
2.6934493338751
-5.01484041933675
-12.2853092489868
-22.190272096601
-39.7330168532584
-88.4554511669471
-138.040452194227
-167.136161707749
-175.202726865485
-179.185876249866
177.930444907478
176.936331861491
175.646563605126
174.317992011145
174.072057290665
172.761321803369
162.384598052193
96.583230715605
48.0586926898668
23.1537509275488
16.9559948261415
14.9138811249745
11.7690322750353
9.37306824205564
6.65698187092999
3.87097642723425
1.32863818607476
-0.993023065801152
-3.00917645233439
-4.92127914152084
-5.14523999035046
-5.37360079606322
-6.39055449242802
-6.87200668395791
-6.85045614228097
-6.56994519452785
-8.08130251508636
-8.01054714485598
-6.91304297762702
-4.26997137869293
-3.13933417749232
-2.14665395175481
-1.82954135906812
-1.97457469525097
-2.49871714243656
-3.15002650640871
-3.85145818118008
-2.84782830629648
-1.28387883596601
1.35745444451941
2.99446207100391
3.20400539269971
5.15577355288059
4.40695844846301
-2.3448065556344
-10.3798060627148
-22.6899141058555
-48.4342378909173
-104.698300438699
-145.46120767135
-161.234226061519
-170.638816857352
-176.067580484101
179.96397140016
178.2446970392
176.731024779407
175.382590433484
175.147397540831
173.420165076043
145.576430057982
60.5785489364433
32.4546137296069
20.0106767358248
17.8025559870423
14.968814812983
12.7059224913469
10.3613130460943
7.6804031215815
4.97491832989
2.38136598755892
-0.0543969803793721
-2.1032248927843
-3.99380445949104
-4.17253736651263
-4.95946286283189
-6.07480766781993
-6.45136433782728
-6.3694100696956
-8.00582568187181
-7.73174390969506
-6.2039589595562
-3.40794876656379
-2.15863988313129
-0.540103715782438
-0.248945888776159
-0.233217966727778
-0.435475155492091
-0.654149478641012
-0.882431474160722
0.195382710632891
2.60278916888161
5.81735199165655
7.85075164027619
7.86684312070547
9.0416148820219
7.97740561015022
-0.10445448854797
-7.47392072358347
-18.2378480974251
-39.3682177493328
-90.5140859078015
-135.869629943828
-159.862052595184
-167.610682784787
-171.609821458646
-174.756196212284
-175.955312967933
-177.024647234973
-179.075164848593
-179.288640128233
179.645855414733
173.253965001535
107.958514344733
41.8466091456218
24.8683274262993
21.7104868297534
18.7275307468121
14.8860174822454
12.7181193523035
10.0854747036894
7.30421506107114
4.99055913184948
2.70758588479531
0.432340326681939
-1.51507786310001
-1.83743513474607
-3.20595464108262
-4.34837710085239
-4.7480768589334
-4.88239580119315
-4.66818553210556
-6.07610138434813
-6.15026371048384
-5.3080705439095
-2.67238968017301
-0.170203192659012
1.11508073785763
2.09290668403318
2.09459927694936
2.01652438211716
1.9090564334043
1.74270598678231
2.57697646638791
3.77536844489027
6.14929816188392
7.28758377179707
7.59386847685862
10.9471631035138
7.21905438790767
-0.589255718369499
-9.14497501730908
-26.3070337121261
-61.9543469192604
-112.816585700518
-155.111106345582
-164.802429373859
-171.062279591835
-175.698116562511
-178.18019347553
-179.269944324858
179.518907030822
178.929407142061
178.620022459656
176.110214657307
128.080237112579
34.5463390914141
17.4676612585943
15.0717320392423
13.8263080955127
11.684146599474
9.76004532818518
7.82611793796908
5.40600629918348
2.93194048953523
0.647441238878714
-1.54212401445119
-3.39057392837122
-4.22687329694399
-5.2592527955742
-6.72407817180952
-7.31163546370086
-7.46083740167286
-7.14272735722977
-8.38598961418038
-8.53299415581491
-7.64980115010555
-5.24162511968991
-3.6128376695644
-3.09400836708024
-2.82100180324293
-3.25084954774267
-3.81994790193724
-4.43773575956341
-4.84191216033913
-4.42058836310575
-2.79781851231335
0.281586737552337
2.47465258699429
2.81309623523428
5.38115891266904
4.69805439866104
-2.60484099676107
-10.5145102449538
-22.1169866321209
-46.7613866298605
-102.480181461361
-146.063803195588
-162.797133428666
-173.279876773158
-178.163285402158
178.678954905499
176.880996997166
175.789050140847
174.167327498694
173.285973742158
170.860987650395
144.571359645688
37.5290308843691
14.6009028083044
16.2200823134472
12.2202532521512
10.0619170198721
8.09857928506358
5.81292694885072
3.37704920085249
0.761022232706436
-1.58656131861382
-3.73436216750151
-5.75318202727341
-6.56685083944923
-6.98396182286442
-8.28669324387311
-9.0801688472391
-9.2203643310176
-8.99454348026077
-8.70602391811872
-10.0548182413486
-10.2213975318147
-9.16652021010135
-6.70430082676278
-5.86481657738381
-5.21002754693619
-5.070347061564
-5.28998931740113
-5.87846278545954
-6.57527955705596
-7.4024804017343
-6.49025791996808
-4.45589312988798
-1.34996658829514
0.570685360603935
0.584464652263279
2.0798845309173
1.91367301873675
-5.24517661694582
-12.8446648429677
-22.9932537756142
-41.5235240022925