-27.158801104680457
-27.348820671422338
-27.53884023816422
-27.7288598049061
-27.918879371647986
-28.108898938389867
-28.29891850513175
-28.48893807187363
-28.67895763861551
-28.868977205357393
-29.058996772099274
-29.24901633884116
-29.43903590558304
-29.62905547232492
-29.819075039066803
-30.009094605808684
-30.199114172550566
-30.389133739292447
-30.57915330603433
-30.76917287277621
-30.959192439518095
-31.149212006259976
-31.339231573001857
-31.52925113974374
-31.71927070648562
-31.9092902732275
-32.099309839969386
-32.28932940671127
-32.47934897345315
-32.66936854019503
-32.85938810693691
-33.04940767367879
-33.239427240420675
-33.429446807162556
-33.61946637390444
-33.80948594064632
-33.9995055073882
-34.18952507413009
-34.37954464087197
-34.56956420761385
-34.75958377435573
-34.949603341097614
-35.139622907839495
-35.32964247458138
-35.51966204132326
-35.70968160806514
-35.89970117480702
-36.08972074154892
-36.009255518684
-35.95153076196066
-35.933257239955736
-35.9504455159951
-35.997957232639365
-36.054926277778385
-36.12600006626316
-36.20080235252639
-36.27056792190022
-36.32792612804071
-36.37761339157917
-36.447248075984014
-36.53082023245062
-36.61366649385876
-36.68579250985657
-36.764066659317706
-36.866619024074794
-37.02180180234744
-37.10174618855966
-37.13614091846641
-37.12415102734905
-37.023801401449205
-36.72338577381572
-35.97343526075461
-34.51842912962847
-32.687813350736704
-30.821753755548137
-28.907516578772075
-26.945847825503762
-25.057468482515205
-23.193289856873598
-21.364558830972324
-19.613066070660814
-18.093325043079677
-16.96874525858467
-18.229583631045113
-20.137029471982277
-22.00774737708772
-23.874430461134686
-25.72209226045788
-27.50971811122814
-29.30932849264413
-31.1076979939418
-32.91670157972212
-34.705909756302326
-36.47357679169068
-35.95848952739941
-35.67369209891564
-35.245662240386615
-35.0364416714829
-34.85905106135905
-34.70599099745846
-34.55664274511796
-34.39559295526595
-34.23220057435412
-34.08579252353873
-33.9744642548202
-33.89218100822779
-33.83368038544216
-33.797193501614736
-33.77202020586826
-33.75667168092735
-33.7460111230916
-33.757930220933645
-33.789098926696994
-33.82747641615796
-33.863187760166596
-33.89893276909186
-33.96479414133625
-34.09837659976174
-34.25798668358203
-34.34621613606108
-34.375402005119
-34.330842477203454
-34.08782083306505
-33.3169836543947
-31.945150585828173
-30.180481774229637
-28.34884782351588
-30.1949528220852
-28.38711026758871
-26.7521598015515
-25.18060832071309
-23.698981842716723
-22.465435418603683
-21.747217316061025
-21.52552844107352
-23.856348298984045
-25.985960110506696
-28.076374555779857
-26.36413976872988
-24.642844397224746
-22.92205332093673
-21.189782799910237
-19.43505688966281
-17.65896081704071
-16.164908899797947
-15.946726163305991
-15.50553176631138
-15.39381020137208
-15.265718488022456
-15.137692752660987
-15.009466317993247
-14.878595375776401
-14.759737842683867
-14.661416808936035
-14.576059005641413
-14.505783996124109
-14.462774136250568
-14.45170173064377
-14.450115521335636
-14.462701800451304
-14.486369338587231
-14.517744885625783
-14.552005287517279
-14.594269996057479
-14.650030594056368
-14.713617963282397
-14.769198545298488
-14.823329791460736
-14.912414698123749
-15.03068058521635
-15.190595167465153
-15.449345227110033
-15.64149135131594
-15.775596326090827
-15.845919548541485
-15.80540019095856
-15.540218412142101
-14.865594449973068
-13.549793778664927
-11.821829111545417
-10.1680417590906
-8.588785278414216
-7.091694994821446
-5.748918005988717
-4.617444116361325
-3.937884010086108
-3.739987846153378
-3.817735135909606
-3.9321972545560353
-6.321531611310002
-8.465863376214147
-6.968606979039958
-5.2599695458486435
-3.5256273294169214
-1.7731714440180295
-0.03186266489930607
1.637677056341388
1.931580732412619
1.8028604530129326
1.7376885058439442
1.7591738349197945
1.8105010901338325
1.8712052245410087
1.9334019044995276
1.9935474374599484
2.0424958849198784
2.09105342753904
2.127363801855597
2.140809013151883
2.115257782228899
2.055403029807417
1.9857818911517802
1.9067888208995734
1.8203696190693908
1.7353991698483442
1.656210739216534
1.5703994982827927
1.4724695439635722
1.3884054710662952
1.315889370022705
1.2389178638501543
1.1392497048072294
0.9795472306953014
0.86246218570644
0.8424926630955211
0.9099303791870369
1.1012045372249966
1.5672709860235163
2.566007376923678
4.077283103298616
5.885397829027143
7.7705158904057345
9.688096583151923
7.877814637257614
6.156623570575643
4.37149097514255
2.531214591846717
0.6616542886408949
-1.2953689851361812
-3.096043721255707
-3.9010215395209924
-5.590163621680372
-7.278571087453467
-9.027471277354163
-10.774727873282922
-12.5175818337543
-14.257706456676042
-16.00636640843653
-17.759701611524367
-19.513073324706042
-21.316208305875563
-20.749788664352934
-20.524601175209316
-20.285376016438793
-20.020962394384902
-19.768965942228213
-19.54350569380408
-19.33901712191832
-19.149195793533025
-18.973446977519966
-18.82570340641708
-18.730849606634294
-18.700420832748684
-18.704456739860913
-18.72561250536445
-18.75163306334191
-18.779632976516705
-18.81239920604296
-18.86854271221315
-18.941933304350034
-19.006800737073902
-19.062866443812798
-19.135668645199715
-19.23626984325348
-19.377198644624368
-19.38625089925235
-19.291914303849687
-19.11061366775082
-18.80049942971859
-18.228867380562466
-17.157676995536903
-15.532543634955177
-13.577400832831245
-11.528676457447798
-9.445394632420761
-7.365611330035263
-8.982589795778035
-10.495839298619352
-12.032797909984614
-13.56929023512628
-15.19829421018683
-16.951644201011398
-17.45365650123764
-17.65146993915573
-18.234937350199957
-19.337531463993745
-20.658191957479467
-22.0181893715603
-23.376036153174518
-24.751072792501155
-26.161298379985126
-27.67183465197687
-27.082563706803704
-26.524600156009278
-25.882719228248625
-25.423727218650672
-25.207940672414182
-25.116992824516046
-25.1232628653471
-25.211910933195718
-25.358433406597552
-25.53019974566691
-25.711953498606878
-25.898189298048944
-26.084117251319643
-26.25351519960386
-26.40217803928568
-26.519423383676628
-26.596183988689464
-26.62573711657651
-26.604771163456718
-26.55489266790788
-26.491229080407813
-26.443324228524748
-26.447564172214125
-26.539074450089323
-26.724455729174664
-26.998098754966314
-27.39533572802238
-26.97340100976269
-26.551466291503033
-26.129531573243376
-25.70759685498372
-25.285662136724063
-24.863727418464407
-24.44179270020475
-24.019857981945098
-23.59792326368544
-23.175988545425785
-22.75405382716613
-22.332119108906472
-21.910184390646815
-21.488249672387163
-21.066314954127506
-20.64438023586785
-20.222445517608193
-19.800510799348537
-19.37857608108888
-18.956641362829224
-18.53470664456957
-18.112771926309915
-17.690837208050258
-17.2689024897906
-16.846967771530945
-16.42503305327129
-16.003098335011636
-15.58116361675198
-15.159228898492323
-14.737294180232666
-14.31535946197301
-13.893424743713354
-13.471490025453697
-13.04955530719404
-12.627620588934384
-12.205685870674728
-11.783751152415078
-11.361816434155422
-10.939881715895766
-10.517946997636109
-10.096012279376453
-9.674077561116796
-9.25214284285714
-8.830208124597483
-8.408273406337827
-7.98633868807817
-7.564403969818514
