6.548813577467243
5.9663001525975154
5.383786727727789
4.801273302858062
4.218759877988335
3.636246453118608
3.053733028248881
2.4712196033791543
1.8887061785094268
1.3061927536396993
0.7236793287699728
0.14116590390024752
-1.5502668489918099
-4.2759206849828955
-8.995539494007359
-15.668000292936057
-22.972604709778814
-30.675437552881814
-38.58761674297273
-46.622423830699184
-39.048528105816594
-31.511159758258582
-23.97558516464707
-16.48172394575586
-9.247600340130209
-7.259241285039257
-6.0727457003532574
-5.334752720128616
-5.06605294684312
-4.883977264110715
-4.633347090905797
-4.063438032841186
-3.09588565600753
-1.9628921568300477
-0.6392004950400558
1.1741072104825
3.9937037298377955
8.680070355305705
15.113715432251393
21.985595384952862
29.091909192207275
36.26390482559398
43.52618152144696
35.18027418468373
26.95518211659869
18.89517418779392
11.046068299301531
3.5893218486862852
1.3881651119316964
-0.09739810276076277
-1.16267364757132
-1.7823698273897994
-2.3199509438053467
-2.774337831812216
-3.1986202989166257
-3.5692163411883326
-3.747306434289834
-3.6649028371730044
-3.3942468721472787
-3.0022854199470435
-2.4501090332899427
-1.7043784230896906
-0.9300832734063579
-0.36750733416957276
-0.08659173333032784
-0.09906186259398408
-0.2787042580042446
-0.595109633027658
-1.1935002985254966
-2.316934682429536
-4.326344322957399
-7.633792638419453
-12.087059155264091
-17.473615651615813
-23.605332567721675
-29.71839222179047
-36.00151278817768
-42.159717235452625
-50.12432982026037
-58.08894240506808
-66.0535549898758
-74.01816757468352
-81.98278015949124
-89.94739274429895
-97.91200532910668
-105.8766179139144
-113.84123049872213
-121.80584308352982
-129.77045566833755
