-0.598026796541919
0.849531354174984
4.21036454159822
7.65853917587861
10.0683980641906
11.2231497661347
11.9205779586904
11.6853590319977
10.5064064484322
8.74910816104812
7.09236044687482
5.94020739573045
5.55133193954704
6.8851483436829
9.577831688835
11.6102613660796
12.410671311342
12.4306247849069
7.58031807828467
-0.201790909912886
-10.8154519952772
-19.1054273556374
-26.0687474449914
-37.8884822307031
-70.759684339456
-127.044537271852
-152.594159695961
-162.641161341187
-164.598476899603
-166.145252964374
-166.545159055442
-167.496462317481
-167.179018351791
-165.618161187916
-156.083600439171
2.04634090236625
4.97516801309868
15.1209707861869
14.1481109205576
13.169737214976
11.963705856392
10.725483993698
9.02055528837207
6.43649284073138
3.54517442842468
2.6980879708259
-0.122254853930173
-2.94653451345567
-5.31714501444226
-6.71137662956732
-8.03580264131683
-9.20056555127457
-10.0635115172848
-10.4353074118614
-8.99083386008183
-5.08150416540562
-1.75443965930344
0.629401179812826
1.42120946251815
1.99967374139653
2.05753286755455
1.28446106314734
-0.376758460068503
-1.8281254562461
-3.28765520989152
-1.87127846597103
3.16371393130454
8.07103896876133
10.211787917534
11.430057110964
11.2603845005584
4.27313955742477
-5.01164304615849
-11.827429402333
-21.7767607386168
-46.5983029053495
-104.498622648045
-145.929780777729
-155.113193803339
-160.01550015654
-162.623608162716
-163.453668982032
-164.776294842929
-165.46086955631
-164.733492297893
-161.392850921255
-146.245597594243
15.7604273166989
4.65258733862525
12.6881869953853
14.3705433516533
12.8199023212368
11.487732233553
10.6844780282182
8.95847100660085
6.45406961397472
3.67500528381871
0.405922432852845
-2.56630274964573
-4.97319019630867
-7.00639584807485
-8.59126631101974
-9.97080311245501
-11.3735006227341
-12.6622781617764
-13.8339431374424
-13.2636528384173
-10.844578482865
-5.94825447035845
-1.79300272467104
0.732293752344935
3.13196046102335
5.01838292143788
6.4562017179734
7.73751500213251
8.52617931096024
9.22015787446284
10.7238632866378
13.222055954162
15.4484675591188
16.5263467551707
16.4118811962311
15.4932718898471
13.6311928642012
11.5083343287487
10.2851555342932
11.4095681324751
14.8280648634868