-2.325018854950607
-2.156363357190357
-1.9877078594301076
-1.8190523616698582
-1.6503968639096085
-1.481741366149359
-1.3130858683891096
-1.1444303706288599
-0.9757748728686104
-0.807119375108361
-0.6384638773481113
-0.4698083795878618
-0.30115288182761235
-0.13249738406736267
0.03615811369288702
0.20481361145313626
0.37346910921338594
0.5421246069736356
0.7107801047338849
0.8794356024941345
1.0480911002543842
1.2167465980146335
1.3854020957748832
1.5540575935351328
1.722713091295382
1.8913685890556322
2.0600240868158815
2.2286795845761307
2.397335082336381
2.56599058009663
2.7346460778568793
2.9033015756171294
3.0719570733773787
3.240612571137628
3.409268068897878
3.5779235666581273
3.7465790644183765
3.9152345621786266
4.083890059938875
4.252545557699126
4.421201055459376
4.589856553219624
4.758512050979874
4.927167548740124
5.095823046500373
5.264478544260623
5.433134042020873
5.601789539781121
5.770445037541371
5.9391005353016215
6.107756033061872
6.27641153082212
6.44506702858237
6.61372252634262
6.782378024102869
6.951033521863119
7.119689019623369
7.288344517383617
7.457000015143867
7.6256555129041175
7.794311010664366
7.962966508424616
8.131622006184866
8.300277503945114
8.468933001705365
8.637588499465615
8.806243997225863
8.974899494986113
9.143554992746363
9.312210490506612
9.480865988266862
9.649521486027112
9.81817698378736
9.98683248154761
10.15548797930786
10.324143477068112
10.284505129158454
10.234405121577096
10.162573686598119
10.075484398048417
9.988974434510022
9.910554872888813
9.845730404907673
9.788240002366088
9.754691531024841
9.748468950845943
9.766600128561189
9.786070164076632
9.800417901580488
9.793638537069445
9.765327560491448
9.71899390345665
9.631744407611915
9.574089628865236
9.579238254735186
9.662977790441747
9.860188997058156
10.248581078440994
10.863684786642812
11.8710160576841
12.990609134781984
14.096165932705171
15.156602295957017
13.775413264848362
12.228135473978673
10.434272389986145
8.28362519724828
6.0064738942609965
3.69934290097146
4.038854838546685
5.129709452624893
6.098910516269301
7.195975864026727
8.304494049066003
9.411827942202457
10.476567333242574
11.006265844128583
11.154517888279234
11.267804189797323
11.39093046031201
11.510871612877441
11.629301224701289
11.738030386673497
11.838800960785433
11.9285857949852
12.00278552882667
12.059217733297015
12.098016875047739
12.12319225662878
12.151052687217533
12.166446505818376
12.168183313034339
12.150327258683731
12.127806555528558
12.107501977516662
12.082143775266577
12.076551436836418
12.09852612265551
12.152704112155178
12.221155068835595
12.289424923266145
12.3485846865754
12.384711899666327
12.39621466058669
12.389373815703705
12.356166425650224
12.32830278969908
12.37049331342583
12.499108870184992
12.714796954187447
13.082926878079581
13.707440950321597
14.67982253850591
15.8066698619022
14.52493576628679
13.18457708805016
11.70077143620092
9.994288476200806
7.95169898927643
5.732560558265314
3.4723376000685233
1.2265365422896894
1.7412760830572027
2.7694325319657658
3.8858238787808523
4.988810783698701
6.099952054322609
7.198853179803117
8.007845630235527
8.197282788428868
8.312818399667702
8.419441153533215
8.534800075821506
8.653289205452744
8.7676210746689
8.870403247586111
8.963489429751913
9.044089356571353
9.108938099243693
9.157522982911015
9.19141788071694
9.221361833684298
9.249693856715798
9.26355003710781
9.261140944620104
9.238730057686118
9.212792405652738
9.186830140015283
9.15591296469102
9.139581398539075
9.142258886080173
9.176223724465117
9.220719466793682
9.262767786204625
9.28645768562004
9.28017099902571
9.246977922202765
9.194482355832545
9.116858601250076
9.047369129678417
9.043461182940085
9.120704415995947
9.286916301453246
9.605874929907918
10.176567422370873
11.096592738768747
12.180803317480745
13.240423507992158
11.85433094710697
10.309498784530557
8.522850740636871
6.384642621267513
4.1180809899209745
1.808662026134077
1.8887790351083327
2.2970305860552975
3.292591610046222
4.364092575318236
5.4174543389824175
6.479471440697488
7.496576997635765
7.948550185458381
8.020700880672413
8.08380906277162
8.162885325142419
8.243374657672756
8.330382945273808
8.413951888061549
8.483772613539866
8.54486529931556
8.593456239154085
8.627373062086793
8.64613878400021
8.65452466213386
8.667000017078184
8.664502829926615
8.646437335470923
8.607468885200598
8.563383880320275
8.51798275755718
8.46781530297236
8.436646622350409
8.431537681519172
8.459278845201034
8.500153219876253
8.540620250323386
8.567289461371052
8.570458077222755
8.550701583776886
8.514875668170623
8.45215048654612
8.397628504854046
8.412268227689841
8.518032148347347
8.721395833386222
9.105997919198579
9.764812548816245
10.78169025269092
11.875438931899382
12.952347813216022
11.589816332077504
10.076307644491683
8.322543701025356
6.208891160091673
3.968915728678746
1.6871883499475817
-0.5661446715653891
0.08913126656311293
1.1301933371868358
2.2101409994598806
3.2835154202954984
4.363539069077921
5.408781748017666
5.985999456936435
6.147562546613251
6.230090805879137
6.325500455219275
6.42262862526905
6.521409915526921
6.6197287159347145
6.7055660370851085
6.782713898503323
6.847770815027343
6.897650727814492
6.931892142601333
6.954320913461962
6.981062585268265
6.9887549982810135
6.974657899495645
6.938397689085681
6.896187832792179
6.851947723108361
6.81316986859246
6.774789271274384
6.752774076054222
6.752869190772806
6.779809868104222
6.8050845384376295
6.816461056713139
6.801409100857724
6.763523251519513
6.710406837136526
6.628598688954166
6.550972332677183
6.53826785732143
6.606907456994531
6.776609953746591
7.120730441056525
7.701221391013598
8.648446985964666
9.767189610400465
10.879576844594657
11.946191418346748
10.566377711454372
9.01909783329906
7.237430240505254
5.108320872997264
2.848038861073327
0.5561557361386886
-1.4614316437266248
-0.48240332586990736
0.5772639536172804
1.6527220089114814
2.7251706701321385
3.8010628290458115
4.842548911940435
5.408740480213526
5.5424385628695605
5.6243167728933425
5.720236954603625
5.8176420445024934
5.918420500003213
6.011185610580125
6.0963617612805585
6.170598884987941
6.229878693678331
6.272402102502581
6.298778663897405
6.31314428361482
6.331693534971097
6.333790071908886
6.319158919657198
6.2814774063390395
6.239060862225411
6.19572761950257
6.147312390960636
6.117073231913503
6.111813770798051
6.139575605360513
6.179712900338277
6.218204650094547
6.243515745509289
6.242244835108545
6.216270476510643
6.171327718798463
6.096991168943887
6.033430738832581
6.038073172718554
6.133069781710867
6.325247575094304
6.70105531909667
7.34698214141324
8.343469852685919
9.419430305588993
10.479160471524246
9.099483367384288
7.566588472653878
5.795476371397812
3.6751433553811483
1.4280165371733595
-0.8626972177175274
-3.1257914986287445
-2.4519054637052515
-1.391009520312838
-0.3123251430282734
0.759512975735575
1.8403204048967765
2.8908704492308663
3.474294925251152
3.6140630882450373
3.6902791693643615
3.7852991758360424
3.8821628349754524
3.9825765644373172
4.0795651797290695
4.163746518770068
4.238794358801471
4.300817556027837
4.347518117518349
4.378859534536767
4.399507470742087
4.423570645510426
4.429151694270377
4.41405615820578
4.377455012225952
4.335619345651763
4.292060412588303
4.25379136534539
4.214515227647927
4.192038886448411
4.1912475200063115
4.217675268425734
4.244049385542822
4.259179183380448
4.2484611458796975
4.21284839155541
4.162307648423614
4.080917514926335
4.001237304164595
3.9816080453457943
4.043051784257164
4.206865007302737
4.557724798583845
5.165187731406448
6.162559897802342
7.284688536955893
8.400307217577229
9.47157595440966
8.097673947740233
6.55909562092212
4.7872365255153735
2.666814373914135
0.415822649600353
-1.8450743381046695
-3.6531780564242857
-2.66816053727281
-1.5967167653537677
-0.5295932865965778
0.5426422982865299
1.6202465791283842
2.6637538755432573
3.2411265691955538
3.4129875484621777
3.507883396561485
3.614494545041788
3.721576482353374
3.827356175964149
3.925672061278422
4.016196055841086
4.095236471713379
4.158587346573292
4.2049049421730516
4.234841127982679
4.252301569056119
4.273634867048139
4.277253676274395
4.262126940473048
4.22362237328226
4.1807525539710735
4.136460743697068
4.088422119705214
4.0578655739465725
4.05030298960211
4.073328039453051
4.108498977213136
4.140719804898212
4.155367328069554
4.141435097331411
4.104288923607111
4.0492482151612945
3.968285005792143
3.903591731327158
3.9100700718424144
4.00725132183827
4.201990775881937
4.5786412324597325
5.217793752520967
6.203504048307451
7.270406672932449
8.323043382302714
9.320754541549155
7.786348694451978
6.018311568326816
3.900046265545253
1.64792832725181
-0.6496767387022704
-2.928331255369462
-2.355268109172311
-1.3422352667448234
-0.2691451970911931
0.7975442591859708
1.871523053180775
2.9130650109565077
3.47019921216984
3.609405920795457
3.6829563406725976
3.7723244887419245
3.8645671766244276
3.9607594621361537
4.055346447645928
4.137194821146562
4.21073083989293
4.272113620925131
4.318479321796217
4.3498647755227005
4.370646478561433
4.396197970631435
4.404219782078607
4.3924552847769895
4.358399006641641
4.319454859236003
4.279479582964851
4.245792558923802
4.213078256770811
4.198282548474667
4.207204014418714
4.244056062878098
4.280434173861387
4.306206056049878
4.3072915744000975
4.284657367656937
4.24577041876419
4.1749270041521385
4.106695420147968
4.097236790942997
4.168317691914815
4.341068209388868
4.704336269995779
5.3224664536742665
6.320742361065669
7.44584103068884
8.565286016131948
9.643112727469171
8.280166755263417
6.765391460697951
6.568549000727041
6.371706540756119
6.174864080785198
5.9780216208142765
5.781179160843356
5.584336700872436
5.387494240901514
5.190651780930594
4.993809320959674
4.79696686098875
4.60012440101783
4.4032819410469095
4.206439481075989
4.009597021105069
3.8127545611341453
3.615912101163225
3.419069641192305
3.2222271812213847
3.025384721250461
2.828542261279541
2.6316998013086206
2.4348573413377004
2.23801488136678
2.0411724213958564
1.8443299614249362
1.647487501454016
1.4506450414830958
1.253802581512172
1.0569601215412519
0.8601176615703316
0.6632752015994114
0.46643274162849124
0.2695902816575675
0.07274782168664728
-0.12409463828427292
-0.3209370982551931
-0.5177795582261133
-0.7146220181970371
-0.9114644781679573
-1.1083069381388775
-1.3051493981097977
-1.5019918580807214
-1.6988343180516416
-1.8956767780225618
-2.092519237993482
-2.2893616979644023
-2.486204157935326
-2.683046617906246
-2.8798890778771664
-3.0767315378480866
-3.2735739978190104
-3.4704164577899306
-3.667258917760851
-3.864101377731771
-4.060943837702691
-4.257786297673615
-4.454628757644535
-4.651471217615455
-4.8483136775863755
-5.045156137557299
-5.2419985975282195
-5.43884105749914
-5.63568351747006
-5.83252597744098
-6.029368437411904
-6.226210897382824
-6.423053357353744
-6.6198958173246645
-6.816738277295588
-7.013580737266508
-7.210423197237429
-7.407265657208349
-7.604108117179269
-7.800950577150193
-7.997793037121113
