0.614770282416873
0.568007546057584
0.687782388923874
0.872715537848496
1.35949280081394
1.98106780905047
2.68239299144766
3.51524552976891
5.01985296126474
7.12991782631083
9.26733143781977
10.0168310110061
9.63701862359508
9.4754357123152
9.86459960450709
11.3891610720032
15.0979214653995
15.0709163086414
10.768433304407
6.80671543829007
2.41307733239499
-4.7274520231587
-19.1626575595416
-69.0017074709152
-130.242843243092
-152.17329409062
-161.380399160733
-164.474367680533
-166.522283416169
-169.059410985065
-172.992481437437
-177.656507853489
177.886872653211
170.186571849697
139.184935603274
70.1168475483894
51.0753077867578
42.5629622360293
39.1550855628938
37.5051179838931
36.6240913729665
36.5942153381383
36.94564946857
37.3666214224425
37.9907230200802
39.7947947640456
44.2085505770742
48.9788781115378
53.1946004429733
57.5839804201678
61.8904195265418
65.6882395359412
68.7486066885651
70.714691809509
70.5862525508749
69.6680709659856
68.6092013423766
68.1840848366536
67.9377373645994
67.7973121934673
68.1049457905027
68.9741054289468
70.3533539679475
71.5998692612476
71.7815757005669
71.3766930667198
71.473001583085
72.3542338454113
73.4418216409414
76.1799759550082
77.8229264382102
75.6854056006709
72.5208081793555
68.8479220353862
62.9102198775117
53.0435222021084
21.1682291839776
-50.4890611480053
-83.4345109750859
-95.0494077498135
-98.8598418645447
-101.236032030304
-103.456164767906
-107.42928809469
-112.385851664109
-116.787684437457
-124.54124638791
-154.30118324174
141.463359099717
121.770264388667
112.479609092282
108.21235521002
105.784256960044
104.224881350584
103.559008233829
103.447506890142
103.422078911642
103.6556295981
104.601431677304
107.892091899021
111.337756237046
114.553375599977
117.351665560783
120.879936515098
123.920737390717
126.564063036435
128.390646590798
128.158513331153
127.292109386481
126.138466714228
125.566646917712
125.189676042224
124.984117438516
125.222445033166
126.06572355902
127.518169407462
128.733108358801
129.009235906139
128.670157693917
129.015194071149
130.194104693366
131.682958122391
134.720392421504
136.807481846065
134.448300527226
130.816314634969
127.043247939271
121.708790808592
112.301999020231
82.2799570561971
11.2086654653763
-23.1585299818949
-34.9985370571183
-38.6263870624366
-40.7342875835341
-43.0700628648702
-46.5339708983575
-50.9212588692165
-54.7624162127578
-60.3781070050751
-78.2471324092939
-156.718950535154
177.961006498018
168.40650263914
165.046539629176
163.372100714811
162.371085092865
162.278602703945
162.727020543828
163.652209844081
165.134565674243
167.990292852686
173.314650232874
178.970181749319
-175.887191119418
-171.501880433927
-167.597433491538
-163.756952087047
-160.470583097949
-158.214223470753
-158.172110094449
-158.890274224042
-159.68454586006
-160.03591274231
-160.280700052019
-160.566464753741
-160.535218792243
-160.338960473029
-160.055463651216
-160.151443080974
-161.372191133208
-162.48804804731
-163.577185776646
-164.340302600195
-164.291652639787
-162.432193813835
-162.261070018905
-165.44260260201
-169.019863342266
-172.867959319959
-178.965758927357
171.195611010399
142.365002839435
77.0207013762657
39.9757662410159
26.602923741498
22.2473125662412
19.7000720134892
17.1551811828449
13.3423798485476
8.5358951075365
4.4044794043429
-1.57139512257151
-29.1287154308823
-103.836998277971
-120.201454691853
-128.857099241625
-132.980537630672
-135.295977396004
-136.852558702708
-137.616064190121
-137.783639987472
-137.598841387152
-136.773185881245
-134.620481716319
-129.52501245138
-124.657616693479
-120.640694793481
-116.90391896315
-112.372770070674
-108.548559497534
-105.394567966875
-103.252187985987
-103.224567458011
-103.89340980664
-104.621125216523
-104.796347100886
-104.781110755759
-104.681566643101
-104.213511208886
-103.167519728712
-101.250118194205
-99.3037854026211
-98.5449356473058
-98.2075148315081
-97.6494277545379
-96.1423797072819
-94.3313409104201
-90.6721662183947
-87.8804865551867
-89.3453467878222
-91.9939085383423
-94.9277338840304
-99.3038542011602
-106.041402348467
-130.226353488556
143.448606440652
106.496351003324
95.9759430415985
92.7932997725923
90.8838009286387
88.8689428888167
85.2226643528446
80.3998057076975
76.2158425688315
68.2516611375867
32.4355674384232
-30.4488122601758
-46.223978902184
-54.0394304842749
-57.6394119230255
-59.6291898526329
-60.8268313397693
-61.1730290286401
-61.0978889983612
-60.8490979449977
-60.3287787091519
-58.8786352500219
-54.4372373016316
-49.8970463872247
-45.9899956033858
-42.5139137613088
-38.2263516365934
-34.8163832961157
-31.8582420320539
-29.9603522442946
-30.123030519373
-31.0606391943342
-32.1795452573682
-32.7541689483839
-33.2586478365166
-33.6359784885655
-33.5186289789169
-32.8939734536171
-31.9978820457489
-31.2014314601195
-31.5199134243996
-32.2306980432979
-32.4700094034995
-32.1153436838169
-31.509319929193
-29.1875367869535
-28.2231738561915
-30.7861121733984
-34.7991522052504
-38.1472111173308
-43.6256879838088
-52.5734475821546
-80.4239160307902
-149.876273223457
172.52191586638
159.784990994836
155.765402549094
153.43933089458
151.287202343149
147.489242673759
142.694533950468
138.442143526649
131.319060663113
101.494562108684
29.2936149000057
12.9520821249289
4.98542251559462
1.36641236406994
-0.630924983971019
-1.9422024462737
-2.48262786174367
-2.45866078999967
-2.03699883978148
-1.19975524720914
0.656108117441653
5.14806360379405
9.64507078163993
13.6034146862178
17.3720491569908
21.3516293956582
24.8666121550159
27.8831432137838
30.0713963619007
30.2247720677644
29.7253076747504
28.8426739996146
28.5283179021483
28.4054896362286
28.5000463293988
28.8771761096063
29.7495276339482
31.1792307953397
32.460791724604
32.4876046251246
32.4982990768213
32.7276104674189
33.9635700374642
35.4301778710683
38.6146974784106
40.9423314124701
38.7799516190003
34.2333174014516
30.4405467244663
25.6341923085103
17.7249136433596
-6.60204536249152
-74.326265434594
-115.721765080125
-128.928870564646
-132.819306741926
-134.931029287428
-136.945258050589
-140.471639217237
-145.010092893744
-148.821601665017
-153.972797183331
-168.465993341358
107.477106701502
84.1658156430984
74.2338228958726
70.2348809321347
68.1142218362594
66.7895460829899
66.3814226027436
66.6535397680839
67.5564097372136
69.3655813634684
72.7103228112163
78.7925561585823
85.3821315739926
91.5048215309495
96.8041389747021
101.384246074214
105.55022753496
109.016840608906
111.336090406699
111.372966658086
110.709840141393
109.969740255293
109.637625645309
109.416462812873
109.149081359734
109.092235435981
109.158755692415
109.222709937678
108.915471953158
107.571414157321
106.301637732289
105.09934411021
104.14610728287
104.096518789863
105.926405682239
105.927556161782
102.556254593564
98.9129517209286
95.0389414630167
88.9477416462902
79.1365734206258
50.1895952590717
-15.5871784831419
-52.3842574451154
-65.639030901685
-69.9607199740497
-72.4757994909246
-74.8174705604174
-78.6945431208372
-83.6077900868074
-87.8332707973279
-93.964937127336
-126.258015615488
158.632268868737
148.654243836281
142.180496207443
138.713468887056
136.271041530816
134.416983576834
133.395997293845
132.803102216169
132.54547366174
132.960719835884
134.876588673844
140.233627292872
144.515693641393
147.435132296776
150.140604756107
153.566681273506
158.151985252364
160.687446898861
162.298008164906
161.955665789588
160.950560114779
159.981611310963
159.641922697519
159.483069882665
159.443436989695
159.853045209209
160.870688462777
162.63386761821
164.502995574479
165.143800013921
165.643671495975
166.146094344908
167.620577590506
169.343050696816
172.823231587049
175.853919910301
175.193858236669
171.945686794979
168.84671684592
164.982227573136
159.324344137633
138.416845990151
51.1000427845373
10.2023192856202
-0.393057014341065
-3.64104239685847
-5.47920250526685
-7.44156015131719
-11.0623010351581
-15.9445869216866
-20.1805769040699
-28.4250886101101
-63.2444947657683
-122.221533244061
-138.24236474717
-146.598727622473
-150.858434105595
-153.42134088007
-155.084324263655
-155.891421133744
-156.162751011223
-156.218406763204
-155.852727440334
-154.684645232377
-150.239286590745
-146.012002932144
-142.462833146341
-139.076490409944
-135.144570206351
-131.886379004978
-129.061829219829
-127.215343366259
-127.446773086094
-128.413364042724
-129.504724410498
-130.154689234454
-130.805559867843
-131.333825338367
-131.348581677213
-130.883242265565
-130.15953843797
-129.772009456114
-130.491778244425
-131.316673242332
-131.888207112851
-132.010353918299
-131.624324437003
-129.58341654662
-128.945681363051
-131.71335624505
-135.875340178944
-139.255036337289
-144.724952639775
-153.439983478701
-179.375754011192
114.139725248917
73.6402474434353
59.9605089464768
55.6856036511352
53.3230140548979
51.1458110253739
47.3240441473072
42.5552664859641
38.4556107368998
32.4441863038081
5.30890851261435
-72.6662090748526
-88.872936652141
-97.1371619120828
-100.649151751802
-102.500071255281
-103.755074826316
-104.25695622177
-104.169598992621
-103.561102736001
-102.350196661167
-99.7630809462739
-94.5654262070811
-89.2229327342533
-84.4924019902919
-80.2440555791412
-75.5250160628868
-71.4518641359241
-68.0219817033729
-65.6982888865055
-65.544708098084
-66.1440926816536
-67.0395667346827
-67.3485826415377
-67.4988908239408
-67.4260781996855
-67.041220757961
-66.1655763401683
-64.7065914230051
-63.3222372770357
-63.1966871426851
-63.1843862276171
-62.9657077558756
-61.8381580604141
-60.4753374711118
-57.322053499364
-55.1906965256355
-57.4550848730154
-61.3515028486567
-64.2163639462687
-68.9987265693283
-76.5318029681937
-99.8390289187046
-170.690915867095
145.932147344002
132.853275202928
129.046643262557
126.959509040851
124.690501991771
121.282342788511
116.714208410233
112.966052525625
107.618781928329
84.8176741641394
2.36551085324293
-16.6523981202338
-24.3084550550678
-27.3512054702248
-28.9233630178822
-29.8597446631271
-29.9653700276509
-29.5085189536129
-28.4743830931196
-26.6775945191928
-23.3501718051273
-17.3486602718223
-10.7397094664711
-4.63984697057914
0.912438036999136
5.69158783954628
9.99597400657414
13.5445404399934
15.9336112955269
16.1187877018181
15.5068973447426
14.8025371045013
14.5277731470094
14.3758399069534
14.1937912049248
14.270636343163
14.5094774177503
14.8966029446207
14.958246618528
13.9065781651005
12.9022814706583
12.0271531864076
11.5357822375406
11.6944725106982
13.6819198582624