0.0866371016944022
-0.344081500949505
-0.39014380258607
-0.380526083900653
-0.0887339677190952
0.22986788311054
0.668485461988467
1.33810650308306
2.82270260796637
5.15975289024909
7.81093715217955
9.49815442998277
9.90634227478094
10.4963386728266
11.0945001162501
11.8665611942501
15.8716592648532
17.6017086923883
14.4072240665706
10.6697802649819
7.2096873471539
1.50685923658284
-10.1921124421904
-72.3170381312695
-141.420728304763
-157.568305988988
-164.758641934446
-167.086880193109
-167.887936108007
-170.350320150698
-174.280887227727
-178.58535814384
176.584509059184
161.456244026015
115.639611707649
71.2565621614151
54.0617881427056
43.3230198315744
38.4199389349127
35.8176511142376
34.4082343952365
34.1696202092092
34.311458372431
34.6438817663838
34.9444079952802
36.0272991139474
39.3261854363028
43.3177325750114
46.4824796040951
50.7473271533947
54.5530414723209
58.754365400969
62.6704236500333
65.5350645016918
65.7056885477474
64.9517193064573
63.6259612415064
62.7181386655977
61.8316750967284
61.1296368351763
61.2333588705974
62.2724609353327
64.1933943984007
66.2974067007249
67.5241123538072
67.9455207642483
68.7874057941734
69.7887972124873
70.2701503139564
73.1457656120327
76.701574592682
76.1278526153461
72.6532238174965
69.1039603494647
63.5437103276341
54.5857445560039
17.8414314669499
-65.4025661057857
-90.5065357673403
-99.9199393345124
-103.108814566578
-104.522221752895
-107.403524836981
-111.56735009724
-115.982205156535
-120.548958811162
-131.319286218371
-175.445410793355
129.944708337985
112.799920578309
103.353719488722
99.4997661619312
97.7180521174228
96.8748526222705
97.0444717880728
97.7336537530771
98.5384080554815
99.3015469144659
100.524705013608
103.720023778154
107.397765130177
110.351817323188
113.50025529884
117.513659233515
120.631861866342
123.516658957989
125.532189905634
125.317430425494
124.218166848289
122.51569025498
121.21141978053
119.905256737547
118.795807228845
118.552928221595
119.061720706841
120.210222633905
121.191855452815
121.657766065239
121.371519538327
121.355799162105
121.238734846019
121.005983153059
122.939389040814
125.561272236194
124.186343598537
119.497111742058
116.327561753523
112.177360031611
104.974699772607
80.2606916784977
1.09287387522078
-36.921434049381
-48.7837390678835
-52.3635991305158
-54.0514531146273
-56.3078004525546
-60.0743336699955
-64.6591864487677
-68.7607916797959
-77.1661950692695
-123.295204772539
165.447244110418
153.721889882558
147.865433422378
145.895466891371
145.225485839971
145.257197219389
146.255042571678
147.803502531054
149.837258259148
152.461532686052
156.48832655983
163.032729209311
169.897448534163
175.743284646414
-178.903733120336
-173.608327049601
-168.174703209228
-163.366077455491
-159.773144321858
-158.714242183642
-159.160550113806
-160.59300991884
-161.48219547344
-162.227295770135
-162.913478731784
-162.731717028071
-161.861124260113
-160.293112008121
-158.89195450529
-158.640878036034
-158.976369766695
-158.426226837568
-158.211760307572
-158.599451098047
-156.454157989426
-153.496153478974
-154.648135142636
-158.058037156813
-161.634927847423
-168.66063991193
179.091063033474
141.139221255914
77.5303525253115
49.0301367548332
37.2583091993631
33.0986776915064
30.518834704198
27.6118129254927
23.2342735187606
17.9897632986791
12.9246385655334
1.68048693827398
-42.0423107802511
-97.4507192133987
-115.360322560358
-125.426540883114
-129.950481050812
-132.152517351639
-133.084373381253
-132.805420975979
-131.921219197091
-130.600885235211
-128.756227847063
-125.706028578089
-119.387327759911
-113.538628955229
-108.573477727997
-103.612009352717
-98.9333023349922
-93.9474691615207
-89.3266081123366
-85.8105991235119
-84.8318787489034
-85.4027895252116
-86.7290568848358
-87.6036724219956
-88.4505667942741
-89.2198934546539
-89.1395131257765
-88.4519281010773
-87.1469541875906
-85.9929004840225
-85.692227397087
-86.2588425351409
-86.7457650764179
-87.0146449536397
-87.6944769961704
-85.839154455822
-83.6614420224833
-85.435165509914
-89.0570918091638
-92.8131525604161
-99.1136739496867
-109.0716202359
-139.441341975801
153.048674107785
118.63620947385
105.676287366505
101.222565482301
98.7793937834015
96.0768113638177
91.926754147209
86.837942286132
82.1069893395924
72.7442148416773
31.4010454839346
-25.7792209844717
-45.5337924341512
-56.2647200717591
-60.6047925798937
-62.4587682745682
-63.2423454089048
-63.0696104537554
-62.3931144516087
-61.5753524560409
-60.4273225640322
-58.6195700475525
-54.2860416524239
-49.1071824931722
-44.2595347450928
-39.5811732749916
-35.2781607737191
-31.4165268305998
-27.9263095226432
-25.3059287246983
-25.0754235273854
-25.6994526419368
-26.9312465141204
-27.6939480109787
-28.328076916186
-28.9019196311187
-28.9329588162574
-28.1864243024569
-26.6868603547915
-25.0167959878554
-24.2992581540726
-23.893312306354
-23.1375738563016
-21.9805139109218
-20.925314652959
-18.0750571218499
-14.359198160819
-14.3850576352351
-17.6492018060781
-19.8281265164748
-22.5091717801679
-25.832014469257
-35.9469634135246
-83.2922419165909
-167.313643330123
175.44266651372
170.80891158524
169.229834507586
167.568811594748
164.267420518151
159.251452571272
154.926637895801
149.343654442152
115.043845869155
35.7644089083411
17.776613156902
10.0983843257122
7.2959150473949
6.06897756004342
5.46965312673978
5.69357894628741
6.37100470189655
7.22174013402629
8.70853456206439
10.9706432539659
15.4707007577251
20.4569750838222
25.4242382613151
30.4313742772159
34.9467905085856
38.8594671715666
42.4037158043248
45.1316528550554
45.6312936791742
45.2747447220543
43.9803147976115
43.0983518386318
42.231354508569
41.5390632026798
41.4458292627413
41.9898892805331
43.1464296000037
44.1771378267782
44.4017624179496
44.6711373997711
44.9778524020801
45.8081949503733
46.4284446770354
48.6793961488275
52.1219507165757
51.349394248015
47.2060442410934
44.228232379064
41.2866168820688
37.577749409329
27.4233627499071
-7.34613596231264
-85.9968401639343
-110.872876944522
-117.287414837732
-119.464010765983
-121.04439018842
-124.377557718525
-128.760081559392
-132.465285700345
-135.568323576379
-151.034541412148
101.889814024865
85.33762059735
79.0505038300144
76.9981522651023
76.3435245547026
76.2337239816758
77.0716403784015
78.4497601899003
80.3132818826659
83.2636312164009
87.5286716439663
94.5276929781545
101.445807717961
108.068117451402
114.322288250057
120.083392686589
125.471982370441
130.019168644808
133.235821243341
133.880376352373
133.274669008163
131.745082300496
130.60344938446
129.52015000636
128.477975927777
128.31564936857
128.707517189005
129.652791358813
130.362106651311
130.56261233506
130.208615591224
130.174166712593
130.11904279453
129.857513794301
131.515307977858
133.698296156845
132.27474039196
127.676002529591
124.686806125418
121.280825689894
115.018071850937
95.6488303141767
25.1655615762499
-23.5901308016352
-37.5609356418452
-41.7117953832395
-43.3196336594983
-45.3384155319642
-49.0209534936603
-53.8066596434072
-57.9115310342056
-64.3467423272178
-100.731867741951
-174.763479588849
168.197903951307
159.374214260685
155.944943216106
154.40989784965
153.749879024881
154.044297717991
154.906375271237
156.150306562909
158.529260637761
162.214953094448
168.81885749841
176.111897538423
-177.098524240176
-171.16342131044
-165.6614205411
-160.610174108892
-156.40130056084
-153.30419848771
-152.658853671965
-152.940117239003
-154.122499614986
-154.95239692816
-155.743392219699
-156.511291913457
-156.545251699426
-155.93666165323
-154.809956484079
-153.934292390543
-153.768185352514
-153.911075187151
-153.574176982007
-153.164271144669
-153.015412414543
-151.084198667681
-148.452131199093
-149.708822283351
-153.992225857953
-156.92268184697
-160.230094296924
-165.478207430612
179.555303812474
124.224067111315
61.7880905581098
44.1509401893961
39.0344013824033
37.2391134057183
35.2351074096473
31.5116857158891
26.5782027897464
22.3209301439666
16.725469190235
-19.6600747111309
-99.7429173800949
-117.824938052154
-125.093596555573
-127.323614126537
-128.137596192236
-128.345331968566
-127.592311945725
-126.304683987909
-124.885372795753
-122.510026584239
-119.004150706172
-112.448766826498
-105.222948087109
-98.5736321091198
-92.3708995739051
-86.727924515103
-81.4481549271767
-76.9220032254989
-73.673087777537
-72.9419707731822
-73.3515957629753
-74.639839131881
-75.5172970455866
-76.3950672090795
-77.2222819053308
-77.2250326674211
-76.6502871281481
-75.5326540085484
-74.7159745781209
-74.5013297766765
-74.7894112038064
-74.4382145804448
-74.0012331738203
-73.8990186598241
-72.1952620975625
-69.573963164506
-70.8792764692825
-75.2633240383351
-78.2012966631765
-81.4408720151025
-86.3847570842137
-100.356971221987
-152.147256660786
141.43351727989
122.832619524049
117.528719964999
115.738274560361
113.764329834046
110.101913885767
105.225736323035
101.036536365492
96.0832520606001
66.7802690593012
-17.8571891130193
-38.1710129169461
-45.9390938623172
-48.2940547137541
-49.1679852597655
-49.436354156525
-48.7454351270007
-47.5620620992372
-46.2348175958081
-44.190346074516
-41.2049259650889
-35.3475255190467
-28.913110254118
-23.0936799349096
-17.2306901526798
-11.918998186753
-6.83970402304389
-2.47092544960416
0.704751579402466
1.35702489197399
0.9520326897096
-0.305795119365959
-1.2051840634349
-2.04621853037584
-2.81775911489889
-2.84200769758898
-2.25971574596484
-1.18010492230929
-0.0586275639568678
0.246969728038089
0.219018050469453
0.557084975839584
1.18713128044323
1.59246978454822
3.58773724852185
6.6414455855391
5.57806053995684
1.45348627294817
-1.42466369503731
-4.57155964386435
-8.57310430765838
-19.7165435915413
-60.8991973169508
-138.245640047099
-160.010586379849
-165.86937794793
-168.032540616737
-169.803095412848
-173.331628620853
-177.955102058456
177.994577658181
174.01766754809
155.350280733857
68.6162626888144
45.5245352812875
35.7268135205122
31.6588365367885
29.6621818440191
28.6083484103514
28.5685697364898
29.1258028598641
29.9268997962305
31.1743111447625
33.2135828641044
38.2198461839752
43.2129858343682
47.4364542676431
51.9321698107473
56.7715555465432
61.0981885953707
64.7643636522774
67.2995182807599
67.4775959055407
66.9105954765662
65.6106577547602
64.6977714588546
63.9613778150042
63.5200672395926
63.6806662301226
64.7825962490407
66.8438169426098
69.1180259151941
70.5517759519884
71.6128286036813
73.0193709177536
74.7526796262322
76.440522996515
80.0979050423337