-5.77444213694777
-9.48454185148999
-10.1777593686222
-6.87098004316019
-2.06444245749153
2.70843593719157
6.14475568627601
7.73519657007423
7.80301598085268
6.65904401882496
9.47433210185803
12.8289688920378
12.6335572972412
12.3351086590394
11.9285260115342
8.92045495762255
4.54132344018796
1.13756474316729
-0.0284885102536535
-0.0255654201140696
0.553189877836465
1.6242739307274
0.0548627105222801
-7.80846479224524
-11.5249531695744
-14.0354256300648
-14.2424867852657
-8.39052537939333
-1.00767032820305
5.66944568313535
10.9984888282373
14.2999807217857
16.0845431491806
16.8523933316149
17.4434831178871
18.4562190994268
21.5872723268744
25.9790592789761
28.7997163523441
25.9574022441038
20.6769609723749
16.7928407460493
15.6034805088083
16.228885884429
17.3811519483169
18.6340885503068
18.6497502911062
12.9576737859538
5.93287980555371
2.11197380454055
2.62859199893949
7.06804566131677
12.3015985960445
17.3861673976047
21.8557858860032
24.7797077764308
26.2969089895983
26.7775172271938
26.9591517742633
28.1457136932085
33.1322415221961
37.7751425407766
41.3057923168199
39.4369194777909
33.45390230909
28.6987846133306
26.9687642713236
27.1427752942673
27.6567745261131
27.8101041567193
26.6190505421851
21.3762053030957
13.1544619290593
8.44458439312746
7.27195425017163
10.2873354561438
15.4534642795594
21.1100052829918
25.8045291347483
28.7055710413763
29.9289751295358
29.9771335567264
29.8906879639398
30.2697593506466
34.5082763066583
37.9614892921629
39.5872312020839
35.6902530505981
29.2238799519292
24.4349038546519
22.7415700456213
22.5696416616231
22.3921949402167
21.7735419279817
20.2380806892259
14.2677562605427
5.82844220872892
0.487679397249222
-0.95282777836927
1.78945100422625
6.51113919955647
11.7375468017927
16.1927055218051
18.9615176215057
20.2290688111382
20.4423904952686
20.5201986467014
22.78620796163
27.8235287433849
32.7014378614016
36.5173509836799
34.7399454192469
29.0969341045333
24.7230224961911
23.3004310122199
23.8059455304497
24.5716872914331
25.2585167367352
24.7391751188321
21.3263966766237
12.9582372102245
9.46969339531689
8.72603687111891
12.3694864886213
18.0776075925649
24.0569744908276
29.2278448266043
32.5271342278079
34.0018122468201
34.1377424577479
34.027712458744
34.2611227696794
37.1150771284161
40.5309629626993
42.2944088488391
38.2412984883899
31.6545312513433
26.733405560725
24.9407376610073
24.8520646800029
25.7252194898042
25.1988959118813
21.4497816579984
10.947211093791
5.02368264395289
1.64992122093635
2.44973134375552
6.87558511098602
12.2304992199766
17.382207809336
21.5290396138089
23.9734031038956
25.1966646673693
25.4071923540931
25.571526155868
27.9420615236615
33.5598139096967
37.9138586395022
41.043063474292
39.0126097954745
33.9491096555045
29.776821552152
28.392535032775
29.2749487154419
29.9207619534197
30.3291583492856
29.4884250735748
25.501323642553
16.4215821262965
12.5067691532064
12.0010884583654
15.8521973661703
21.6434588000824
27.7289000365191
32.8116234801408
35.8589372396698
37.1225062551539
37.0420077748884
36.8360073392806
38.2419318207614
42.0038751417671
44.8758649182844
45.931007161037
41.6722654773584
35.4945139611849
30.6279254655553
29.1767879953827
28.9755445149173
28.7611824270365
27.5578072213711
23.9949610960766
13.6466497994433
7.03840974104736
2.52536557358281
1.80212345865311
5.13887008058484
9.77066647189631
14.3340379263411
17.9077075059666
19.9732151679939
20.9613238529044
21.0747124808245
21.1269025256584
23.6694121183334
29.7571681679124
34.5749945399039
38.4935503677313
37.7998560495395
33.6445452847646
29.8933512818814
28.4861641623634
29.0381557683045
30.2562184635833
32.0462022505683
33.1368773417219
28.1360093778166
22.3748985226758
20.6320665763496
21.2245883006008
25.9040225537157
32.3131848695505
38.6772599009547
44.1015545579693
47.7316890236533
49.5125535483854
50.098552187672
50.268642985607
51.9450397749784
55.4696022607625
58.6367675932048
60.299379194951
56.6831100491545
51.0151138067973
46.5106613002202
45.2538322160315
45.2148214827143
45.2881330064613
45.1342828635255
42.4331813200195
33.8446223799218
26.7868339434658
21.769873854122
20.434388862539
23.3678509765776
28.0377368637186
32.9372960371851
36.6856800531012
38.6891390115369
39.3772241546646
39.1176579609763
38.9013614192955
41.4616011042177
47.9785947617809
51.8354451374542
53.8988364042927
50.8444063840443
45.4038044036695
41.1422116321555
39.70829233905
39.9431451888972
40.4115667296487
40.8358148045911
40.1539021321173
36.7602546821015
27.4335431910617
22.9404802500388
21.6625872287379
25.4922708029394
31.3846767965086
37.5295331485836
42.8820797194509
46.4049428733491
48.0206125053632
48.3656214033698
48.4567971763304
48.953486623748
51.6731349063441
56.3874752130664
59.4047989659242
56.1576094548158
49.6541243773323
44.7809417232265
43.1941394348567
43.4849697444382
44.1876283401669
44.4309847951203
41.8141718266938
32.4369264832359
26.676254018608
23.178763338668
24.0862781119902
28.7131500292454
34.0655236296668
39.0848772769635
43.1462826427414
45.6259328727059
46.8978205111345
47.1531236280926
47.3072286418909
49.5353648751444
54.9521492921511
59.339260702637
62.6098054104924
60.7784769216538
55.757379812474
51.6164699720816
50.1902982833622
50.7006633848764
51.4001980556586
51.9185923585729
51.1782052133901
46.8345684900998
38.4708819408322
34.0180001351916
33.1577366238853
36.8278625660917
42.6953349355831
48.9307070383172
53.9842735577463
56.9333040678636
58.1750529140167
58.2472098205439
58.2437806067774
59.8293272911186
64.1944379333279
67.7883350615485
69.3936609675934
65.3655363904579
59.5648465227648
55.1562964322945
54.110645741532
54.1339631061449
53.9633935542438
53.0462574802149
50.4961346722471
42.5031144479126
34.4190910032364
28.6334901925432
26.9575294899603
29.5803888072387
33.9295245600758
38.5708172049285
42.2637049497096
44.2853719417836
45.0801170877495
44.9711674121661
44.884669493211
47.92322614173
52.6543120144581
56.6603658350712
59.316156783422
56.8341371401763
51.7361123141645
47.98677091732
46.8557152185906
47.2807749649126
48.2730150302291
49.5800034380646
49.9340943643046
47.1339879867144
39.6025733777175
36.1200210704668
35.7493589971907
40.1858392285889
46.3875541076642
52.4993434419965
57.6630472611966
61.0632483514707
62.8076328437447
63.3346279288851
63.6227758729623
65.5769278350247
70.2337902707822
74.234105326357
76.9326108336774
74.2221286622108
69.2123405387864
65.3347383557563
64.3358371707602
64.9238874228493
65.5751261678516
66.1324159223611
65.0633950743022
57.1186935060263
49.8931828954648
44.877697234263
43.7157077591753
47.0049383864339
52.1396350394366
57.5425824501496
61.9901333766372
64.6882051587637
65.8137531246574
65.8636990868869
65.8505538182412
66.3428441546507
69.5187248495968
73.928496241407
76.6333203090322
73.5219308512483
67.0595036404713
62.0808578483486
60.3057863628459
60.4304498679956
60.7519514724375
60.8530416648125
59.2840799798767
51.9655492175862
44.3451232644624
39.4891503287933
39.2587038160356
42.971633052999
47.775794018454
52.5521525264486
56.6246062436429
59.1811073396415
60.4587638643731
60.7270167312518
60.8536200054034
62.1766235623125
66.3803314486753
71.4488010744206
75.578401806876
74.5268032868421
69.7339906280899
65.8489174289018
64.4518206276146
64.9392860023073
66.1607806202281
67.5236813454541
67.8470505042725
60.362811438938
53.8569884346973
50.0205004135304
50.7227750532037
56.008972515574
61.9222968949059
67.3848765891606
71.9066812126873
74.753717014956
76.2106781338543
76.619793232587
76.8894935477445
78.3838803766106
82.8268728935992
87.5079738433423
91.0610099543998
89.1353733866242
84.1453068158
80.1190188646723
78.8254825401973
79.4008926065591
80.1555545749198
80.661151496137
79.851699748898
72.8669320428283
65.9553382478762
61.6083672503763
61.1891072930254
64.9886973127908
70.3848467416661
75.9802895152506
80.582568805125
83.3890661184398
84.6143529379926
84.6700404483375
84.6294919337848
85.7911279379813
90.9056077401004
94.8565139212784
96.7434530260273
92.9801516924296
86.6200311449262
81.9637471308411
80.3623135322645
80.1993093645584
79.8086413399359
78.9318243730202
76.4320293563444
68.0448563578599
60.185287158334
54.3714691642452
52.5199574081238
55.0487609549009
59.2510625017547
63.7296404763317
67.4456704584428
69.618886898247
70.5966475237912
70.6662457914016
70.7087362809577
72.7550381922345
77.8909747765389
83.0991812568797
87.3135315736879
86.4132575427905
81.6839177882375
77.611476565378
76.080678696151
76.4346303961056
77.5598902414938
79.0135290453877
79.6524083242807
74.4240293032025
67.7370182044868
64.2684626766235
64.4660949318113
69.6346326608193
75.7643883003718
81.5155353951208
86.3812350856259
89.5384305159793
91.1761633774588
91.6957820652998
91.9601793599633
93.1933535945129
97.329527361269
101.814464106621
105.133234849852
102.797765067374
97.5309658915592
93.3605831225626
92.026535679987
92.947491835884
93.5040365481752
93.6879420600845
92.0357578248563
84.9153610658766
78.2298760887124
74.0595551525779
73.5363623704447
77.0861641832863
82.0755153154197
87.1625467259217
91.3513202499395
93.9010557009297
94.9859639837115
94.9100237955563
94.746364185167
96.4468505434804
100.555387407319
103.851932516761
105.538820505349
102.176180313586
95.9629966952176
91.112455122394
89.2382715236891
89.0879415353567
89.2087839278858
88.8244415753793
87.0942211438411
79.3193412678652
71.9019397450012
67.2960419138118
66.3907591493691
69.3816292471001
73.9658051978553
78.8251479180226
83.0147812295746
85.6081752469847
86.8182735639199
86.977896417887
87.0265038087788
88.9462365598279
93.8716225214443
98.7011455269427
102.454512331937
100.7081090381
94.9835698623183
90.4608728380819
88.9219413169569
89.3674582150118
90.0611411908514
90.6688237573629
90.0504542398851
85.5381638316366
79.2665300089626
76.5791212029297
76.2096726044113
79.7108624382696
85.2587004725545
91.0410643814372
95.9601533961148
99.079175194904
100.50029474485
100.655398385419
100.598149712922
101.929380955451
105.804860771343
108.770759804126
109.856701733577
105.580084593502
99.2402086933281
94.5165339272528
93.0223269853444
92.7984824268737
92.2415986920225
91.1033230850653
87.3134113824252
78.7502319626901