-6.09811522499135
-7.92441513819981
-6.99415946930234
-3.81699153024276
0.0697935289076037
4.09690691881494
6.86939666963411
7.99063287448256
8.1980738997176
9.7459105687539
13.5217395966528
15.9230411867999
14.9496416300934
14.0448389207021
12.7500879418934
9.69893260097862
4.84961506650354
0.916143640949587
-0.89257122313709
-1.38402503073974
-1.37720644336897
-0.978609601515822
-1.95821643865124
-5.11234412769875
-9.36012223579906
-12.9222148325825
-14.1419747726928
-9.17537807324217
-2.64981611770808
3.44965544546676
7.68382554734824
9.49428513449987
10.5635966442444
11.2270978911371
12.1244179082021
15.1041149611907
20.1024314449055
22.8228542791168
22.5395114022375
19.1013318284275
14.581827137807
11.1203702101199
9.67072888414066
9.44560818244458
9.49398571340674
9.57565205436856
6.50814123889777
0.0736858636047125
-3.69764164712907
-6.29850840449238
-6.18221167866224
-1.75484493398229
3.9916815399558
9.3158588037379
12.5901295032075
13.8264515832502
14.3894935553152
14.7822969906815
15.5905495394744
20.0580031284497
22.8567663639992
23.6472300257104
22.6951793086407
19.2933095412921
14.8930437826063
11.5187384441897
9.95095033460632
9.5550764838265
9.49349070531623
9.47442878996836
6.3566551811259
-0.285001705972727
-3.90562479553228
-6.32530547955589
-5.96763583644653
-1.27366236037772
4.5907627617541
9.92932597482971
13.1125517001943
14.2587184151146
14.8188524885293
15.2188395766348
16.4726445545017
20.23530343427
23.0663793382955
24.3051245468447
23.6556782107194
20.4501831818843
16.230656143171
12.9639933554279
11.4539028122053
11.0869446720007
11.0460844346696
11.0334009649312
7.90758080948349
1.4441219070338
-2.21289098747357
-4.73942669941548
-4.62738143984231
-0.0599781302788889
5.83723558700898
11.2119568310366
14.3716473172974
15.4775546356087
15.9705467574967
16.3797388591585
17.6172287870789
21.423955480819
24.2233141116873
25.377838534594
24.7063527491152
21.4936218954879
17.2413303532
13.9154075258427
12.3512271318586
11.9527083359387
11.8869743392596
11.8575989716664
8.75796060844065
2.15751999778535
-1.50982105017632
-4.02716325278265
-3.84653568187785
0.742971877391512
6.59696948203976
11.9340426656932
15.0790391153755
16.1689107606531
16.6564385268461
17.0469934472809
18.3633496935583
22.1100367909167
24.8740087962712
26.0163674166174
25.3502042976243
22.1234231572337
17.8422336109099
14.5007250745498
12.9446678505632
12.5632179894079
12.5181357508632
12.5095285085264
9.43291624107687
2.87022791053798
-0.769633051184706
-3.25848092465881
-3.04958211287787
1.55125840841557
7.39241720178116
12.7146090718293
15.8675425845944
16.9716388494569
17.4751210958101
17.8719413075781
19.0865035144243
22.9369301405094
25.7298180358589
26.8777614245146
26.2052775013475
22.9827148948491
18.7072716736079
15.3634020111227
13.8001935344293
13.4140866439877
13.3644340168438
13.3532972609778
10.0709094464791
3.46907390114091
-0.150934419666958
-2.63081034384823
-2.41591600086043
2.20870740109248
8.11337079483694
13.5040381473951
16.6955704204951
17.807877554412
18.3041648297178
18.6938442182525
19.905452955113
23.8130368011039
26.5874247621119
27.7127870785737
27.0060947101003
23.7641383094987
19.4984972246874
16.1752135437352
14.625727831026
14.2422491293568
14.192582376892
14.1747203485482
11.0339047127628
4.58693866870523
0.937453284831602
-1.59189600427516
-1.48452647986579
3.10951019813187
9.02515628347954
14.4133780114817
17.5897866344473
18.6999110843683
19.1967074562346
19.6042695434738
20.7890679094508
24.9502659437039
27.7567345589009
28.8895464016767
28.2353822067263
25.0073204444187
20.6858308705181
17.2586083481384
15.6571896453449
15.2558637553448
15.1937795563576
15.1683517610736
11.9596470373924
5.51015424046972
1.80632410450084
-0.782603158679369
-0.735266145247284
3.86618605800655
9.80550027201326
15.2153797221004
18.4130548188528
19.525634930199
20.0243552474902
20.425223675367
21.3676190747349
25.735180509657
28.6672379929325
29.7129721810121
28.9431248113991
25.7360142172907
21.519470408791
18.1707709230544
16.5497118521502
16.1146068607785
16.0286515931107
15.9897385024633
12.8287810673738
6.18931665173575
2.53651965879881
0.0285581559435961
0.232048176078295
4.91014518497221
10.8602463439907
16.2592837127731
19.4190965616553
20.5030235044665
20.9849243350965
21.3697353362037
22.7079008406448
26.4455614500763
29.1892810402435
30.3118457167055
29.6265405259077
26.3991486155236
22.1383891694076
18.8182683405476
17.2644056270244
16.8794573882798
16.8264310010301
16.8056529304985
13.7196263076592
7.15755752467883
3.51238460552893
1.01766143435711
1.23645931767838
5.87298331889327
11.73323701652
17.0505933282134
20.1736834038796
21.2523464786609
21.7436276331686
22.139029365663
23.4254823618503
27.1622085525353
29.9349526215131
31.083469065115
30.39824589364
27.1747223706787
22.9155622630137
19.6041550394027
18.0555283608942
17.6729463862247
17.6221504494923
17.601587021786
14.310845211736
7.62827579404395
4.01231787546236
1.54751859410676
1.78345209443566
6.44679446110949
12.3736705218052
17.7597085786164
20.9358157749774
22.0374783173804
22.5324280547107
22.9289618151672
24.1630676716607
27.9391407861822
30.7447602460701
31.916191147011
31.2376726975867
28.021808731115
23.7795911235748
20.4753831943168
18.91793119899
18.5293150290118
18.4760390336056
18.4540543060341
15.3721580493032
8.80743810550438
5.15575872649925
2.65180715925618
2.85650629718123
7.49131371037749
13.3726319628455
18.7177171151827
21.8643772498342
22.9592297481621
23.4491034951873
23.8454897610366
25.1073004306756
28.8406351984515
31.6187305513193
32.7597190837452
32.056589507396
28.8175718004442
24.5542508673749
21.2466881215841
19.6968248776639
19.306571276649
19.248998457622
19.2201230500167
15.9242247615018
9.23837025101433
5.63598478025258
3.17505365892817
3.41172305499988
8.08155720939125
14.0124972977503
19.3994469588084
22.5758697636647
23.6762621303201
24.1698840801549
24.5659989354312
25.7980799003613
29.5855153055195
32.3929878514763
33.5610321602369
32.8764309980916
29.6590927245136
25.4189066925337
22.116403515907
20.5625172457265
20.1727505442784
20.1192875278042
20.0967851159927
17.0161052716239
10.4490924431533
6.7941065389126
4.29021090364755
4.50953514742724
9.15583025486077
15.0328373737211
20.3691394905016
23.5024359237632
24.5802364004494
25.0632932671119
25.4546861059856
26.7319552596998
30.4584091991833
33.2282256892334
34.3652565627437
33.6605223491999
30.4229337205407
26.1599822255645
22.8533969734304
21.3046204115471
20.9178517783048
20.8642786327901
20.8384970174658
17.5467162698201
10.8655224740982
7.26545542210306
4.80867769125866
5.05788018420902
9.74491740832599
15.6821358218153
21.0682522707968
24.2397160859352
25.3375579228623
25.8328835542416
26.2302391163903
27.4569547215529
31.2706363989107
34.0813770974933
35.24268148864
34.55046698485
31.3302849167715
27.0904211320579
23.7877059461207
22.2320866232175
21.8409986399602
21.78514262417
21.7586431534701
18.6564681420171
12.0664241821022
8.41773462373934
5.91580296446819
6.14292737086519
10.800659784272
16.6866876184184
22.0250956262352
25.1542686888837
26.2270892195961
26.7096970143142
27.1011309788045
28.4109041329896
32.142447506034
34.9120767418949
36.0425221100788
35.3353896706812
32.0870962781808
27.8147792845113
24.5021979654793
22.9593806800885
22.5808433334762
22.5323043312133
22.5101680450118
19.3021089718153
12.6820491598198
9.0281172151954
6.56276470360577
6.86296861705758
11.5332518859823
17.4274945291135
22.7843672628342
25.9413937759103
27.0416983575223
27.5368781039454
27.925609124781
29.321601771491
33.1398847876619
35.8128033341284
36.891198133718
36.146925548604
32.8892489734287
28.6294751018162
25.3442204512332
23.8230336575955
23.4415062463093
23.3909494209411
23.3549969155378
20.2665434025206
13.6969029016044
10.02707669763
7.51950058951354
7.75008663441222
12.3750984460738
18.2037619147864
23.4991949067619
26.6271142704089
27.7149355066819
28.2098565077869
28.6060269838574
29.8188701500725
33.6963402596146
36.5017304196854
37.6338127585269
36.9187504521845
33.6729054019586
29.3982931477722
26.074558150048
24.5186172730154
24.1363402642894
24.0896461686746
24.0709398536338
20.7090835614977
14.0544207603037
10.4704901291953
8.05558382745292
8.37236947072763
13.082674179491
19.0348940349098
24.4338568582826
27.6164317544406
28.7264195053772
29.2208183886633
29.6150839024852
30.9096377611014
34.6444416745501
37.410612095201
38.53302631177
37.8102796555944
34.5691930684678
30.3247845127573
27.0357774250062
25.4894903655618
25.0913175886193
25.0263599853311
24.9835009392338
21.8823769435902
15.2929839985675
11.6446529350504
9.14471198305744
9.38059140705388
14.0435032185742
19.9171326890799
25.233785856963
28.3439490376272
29.4074098480579
29.8883017999124
30.2837564535965
31.6287078852722
35.4224405216777
38.1308418431546
39.2388476003502
38.4975617465848
35.2399444856447
30.9787473501239
27.6934404155014
26.1681567662923
25.7929222976961
25.7493603858883
25.7207530115549
22.4504324567684
15.7726831958796
12.1538998620792
9.68389913459248
9.93500030863655
14.6220238045823
20.5432001102928
25.9150182555027
29.0890687599432
30.192637217075
30.6929824870549
31.0929521486377
32.2765533244887
36.4390165800642
39.2622426945704
40.3950109493242
39.7080358023331
36.4559007771524
32.1310861951893
28.7227901387169
27.1319751749928
26.741201334416
26.68989410802
26.6655416953851
23.5391782077971
17.1565228960492
13.5031076145776
10.995339606768
11.1651960733006
15.8108167988877
21.7053354411351
27.0373453435371
30.1690888396767
31.2556174820726
31.7513923218435
32.1583938605933
33.2082690000609
37.2996023934893
40.1827386211354
41.2934762509182
40.5524315330196
37.286151993078
32.9880384313067
29.6187435169404
28.0351831432296
27.6422513843217
27.5791528341867
27.5419383007373
24.1531578475528
17.4935911346645
13.8991485411405
11.4673273831567
11.773934757353
16.4981315865902
22.4570791874753
27.8470334888934
30.9990829957801
32.0825367454941
32.562421766174
32.9523726235116
34.2742261513349
38.0021747587917
40.7576364403639
41.857798528239
41.1213515092291
37.8668290004106
33.6093677558455
30.3114704835311
28.7637728167373
28.3721830616224
28.3099302034095
28.2661156770406
25.1507732016033
18.5453076899996