4.499709392305669
4.563975759287964
4.628242126270259
4.692508493252554
4.756774860234849
4.821041227217144
4.885307594199439
4.949573961181734
5.013840328164029
5.078106695146324
5.142373062128619
5.206639429110914
5.270905796093209
5.335172163075503
5.3994385300577985
5.463704897040094
5.527971264022389
5.592237631004684
5.656503997986979
5.720770364969274
5.7850367319515685
5.849303098933864
5.913569465916159
5.977835832898454
6.042102199880748
6.106368566863043
6.170634933845339
6.234901300827634
6.299167667809929
6.363434034792224
6.427700401774519
6.491966768756813
6.556233135739109
6.620499502721404
6.684765869703698
6.749032236685993
6.813298603668288
6.8775649706505835
6.941831337632879
7.006097704615174
7.070364071597469
7.134630438579764
7.198896805562058
7.2631631725443535
7.327429539526649
7.391695906508943
7.455962273491238
7.520228640473533
7.584495007455828
7.6487613744381235
7.713027741420419
7.777294108402714
7.841560475385008
7.905826842367303
7.970093209349598
8.034359576331893
8.098625943314188
8.162892310296483
8.227158677278778
8.291425044261073
8.355691411243368
8.419957778225664
8.484224145207959
8.548490512190252
8.612756879172547
8.677023246154842
8.741289613137138
8.805555980119433
8.869822347101728
8.934088714084023
8.998355081066318
9.062621448048613
9.126887815030909
9.191154182013204
9.255420548995499
9.319686915977792
9.472466744285397
9.640675593517251
9.805351757602551
9.957030532732796
10.108468523538106
10.251732835571511
10.384238562425024
10.504865348033396
10.602776877802484
10.66212364008628
10.674320079917212
10.6602614861929
10.65009224787432
10.645586255133537
10.649581018836079
10.652044441653967
10.64290178492971
10.635835042806425
10.62432352545072
10.61748981041681
10.64123758422119
10.70144937492551
10.803848411919189
10.9482716870728
11.128192215484791
11.334989431791415
11.552445186698343
11.74503347165433
11.92028415323587
12.073514413610999
12.20615654295687
12.322128791801902
12.409549597532061
12.464327076562197
12.491153537724669
12.487985411034844
12.449176256627226
12.39202213806945
12.336626170826472
12.283199501186308
12.2170081868214
12.149571650892328
12.074984731101507
12.00259973333786
11.960318438534713
11.956672771177828
12.009025332585674
12.125025999942247
12.273354163726996
12.44219665287088
12.612968051692976
12.762265487742201
12.901064059952454
13.023189064953538
13.13113222322154
13.226555604833974
13.296872339198892
13.335968590058735
13.347015337135984
13.317870876982964
13.267533773614401
13.211550657923317
13.161704117873201
13.11313681652288
13.050998475184226
12.986677850418076
12.91559471470095
12.84744675027
12.810179832075898
12.812372358447055
12.871039408387281
12.994867597293405
13.15004150276183
13.32454256717935
13.499329716264208
13.64927197742389
13.78930123403252
13.913393366602742
14.02332992607836
14.120577650557061
14.192876734853488
14.23460276685453
14.245848636844945
14.221440745572627
14.175402517244697
14.120591438080908
14.06982362544344
14.019350763757938
13.95285182672857
13.88379570953235
13.808131175384917
13.736244443623844
13.69560908435433
13.694462365010345
13.749771655760616
13.868811223009763
14.019247742823934
14.189607683449838
14.361774019715048
14.512554675151629
14.649033654377238
14.76808878159053
14.87365300940118
14.967354902714417
15.036418491178177
15.074555248199685
15.08250915252729
15.054962464753816
15.006327652016022
14.949695814045405
14.89737329869032
14.84588988420139
14.779109931694633
14.71021574016937
14.635159013695857
14.564190477151083
14.52436272204932
14.523539132942389
14.578457230424327
14.69776957086204
14.848512402178843
15.019179891489777
15.191269726241703
15.341485027463289
15.477678663691734
15.596889987902461
15.702879590218615
15.79711359772184
15.866771106621398
15.905635800765321
15.913853054711309
15.887002005505861
15.839312850472432
15.783722009630553
15.732406663432943
15.68066773664157
15.613025631894116
15.543565981569033
15.468088171923625
15.396698993811224
15.35649143560094
15.35559171383457
15.410736033950728
15.530375688682115
15.681416161321621
15.8522168830393
16.024260220311124
16.174007301524664
16.31007831863991
16.42948329330375
16.535765734114452
16.630242779466304
16.700088392945148
16.73921190166036
16.74840978033514
16.721793893305215
16.67410844292875
16.618467897293577
16.56713529335111
16.516734254638884
16.45117244292959
16.38357215627645
16.30974178293094
16.239824032289835
16.200929195823175
16.201057240206403
16.258320867151458
16.380144068136186
16.53319151295624
16.705906174141916
16.87982276859156
17.03146908004575
17.168735731725317
17.28870058208243
17.395085672567532
17.489448003381987
17.55907321510866
17.597883855169073
17.60676620726491
17.57950652565272
17.531288952901306
17.475237372630115
17.423674646404397
17.37175468913289
17.30380682838008
17.23401061140338
17.158178332117966
17.086452993877188
17.045982628529504
17.04490830368978
17.10030924571657
17.219441239722926
17.37002937777252
17.5406371929012
17.71315722876409
17.86341265725567
17.99957397528243
18.118644239123455
18.224414077042585
18.31829831488182
18.3875856345393
18.426093165327767
18.434883467357285
18.405825528960076
18.35560046926059
18.29751928466541
18.24362129068704
18.190699335900323
18.122906366182683
18.053605029697735
17.978327024785838
17.907159285660548
17.867172866445344
17.86627542017148
17.921967423172205
18.04112160650527
18.19194221773672
18.36310709472872
18.53655048712098
18.687979422231535
18.824753653537297
18.944044024180567
19.049687744338783
19.14329627029243
19.212161028392114
19.250139561837123
19.259979150570203
19.230637692966834
19.17931725445936
19.120716634934713
19.067043603186807
19.01280984194528
18.942253895357904
18.87003326290127
18.792278069782785
18.71905471430882
18.677440580634748
18.675403476789402
18.72996951124916
18.849508580349816
19.000508833754214
19.171398405928375
19.343571855864212
19.49288847531176
19.62805662137083
19.74608372987891
19.85087568303776
19.94390511006016
20.012417431793104
20.050302768189493
20.057453795378084
20.02954998857769
19.980885866721508
19.92441763432062
19.872312353708445
19.82103632408257
19.754334569199756
19.685456862465927
19.610300553442375
19.539197705644934
19.499291935997515
19.49850408624864
19.55350719431868
19.67269071196242
19.82311921934034
19.99326515033345
20.164554366632302
20.313812120368034
20.44897245473567
20.567260424362697
20.672352071423624
20.765617258125737
20.83411705047682
20.871704798283773
20.87883536519521
20.85100206802669
20.802299357509884
20.74566912748405
20.693430201334195
20.641293688758946
20.57352207880401
20.50348209321324
20.4273710756153
20.35578181886585
20.315457987319427
20.314305056904377
20.370421096977875
20.491700024010107
20.644212477533685
20.816327441174987
20.98945430892563
21.1409430990606
21.278467696847738
21.398024615758402
21.50368939959112
21.59712944748003
21.66571766548479
21.70346940910498
21.7112916129432
21.68403262533667
21.63566670480845
21.579208150331166
21.52700499945668
21.475645626419634
21.40887285673771
21.33967877397817
21.26419247855119
21.19280686004391
21.152403279994022
21.150745714489076
21.20456715063118
21.32257825106102
21.47197677278408
21.64123537774124
21.811762004805317
21.95962661698872
22.094220711669323
22.21199563421569
22.316428981955386
22.408876138935664
22.476583436331495
22.513356968693994
22.519762648954725
22.49114001368694
22.441587760130453
22.384170058706143
22.331284961661357
22.277586364052453
22.208051065330118
22.13668551571165
22.059591204120853
21.9871792716313
21.946342687007917
21.94511600478867
22.001471184237545
22.123180200816527
22.276096987075636
22.44858549521957
22.622117686262524
22.773297027664572
22.909932420888417
23.02921166020228
23.13488819363343
23.22849095870148
23.297360554650563
23.335498207480533
23.34369487982918
23.316568886849325
23.26821345464498
23.211692446864145
23.159421386871717
23.107919957858975
23.04086086717044
22.971511525575387
22.895896921186836
22.824425668622446
22.784188686442103
22.782998935270502
22.837420661001225
22.955929645070594
23.105686620627846
23.275210401397814
23.445900608723427
23.594727612898353
23.729758097321895
23.847385265220257
23.95159991208506
24.043767629609153
24.111162670791483
24.147745857838768
24.15411330920168
24.125701041434183
24.076460621622683
24.019401706544173
23.96682045265249
23.914022431038102
23.845232371238872
23.774374774474943
23.697416355422266
23.624682239729104
23.58334280378071
23.581387195123927
23.636806413572156
23.757492150564506
23.90932779159082
24.080747028649064
24.25316472377773
24.402380855672856
24.539843642151325
24.660333644957774
24.76732235266233
24.862491080340945
24.93284218777745
24.971920645252926
24.98030366126064
24.952895308784356
24.904284873267304
24.8476438972367
24.795425848962108
24.743829115790078
24.6780417102536
24.609931787528144
24.535516244372854
24.464815565123455
24.425250493432838
24.424897462225324
24.48039996024863
24.600285156656415
24.751529413996362
24.92262603225714
25.094913889805003
25.24330865282348
25.379818022194804
25.500067313551757
25.60694948283675
25.701819299481937
25.771862047685666
25.81084818975523
25.81884712607279
25.791646699829048
25.743502161037163
25.687453357885563
25.635841097157478
25.583298458544018
25.51494621914108
25.444727348781228
25.368621035556508
25.297052104588797
25.257090695684006
25.256739113846017
25.313328017932623
25.434632877773407
25.587311152808514
25.759494312163273
25.932271822139796
26.08287430071828
26.21913046117973
26.3381587338786
26.44356538786754
26.536808123971547
26.605218394809057
26.64285918044526
26.649414602379284
26.620433728399654
26.57115809745591
26.51432850851348
26.462137714662056
26.410889530742693
26.34410696510151
26.393922927240958
26.443738889380395
26.49355485151983
26.543370813659266
26.5931867757987
26.643002737938136
26.692818700077574
26.742634662217007
26.792450624356444
26.842266586495878
26.892082548635315
26.94189851077475
26.991714472914186
27.041530435053623
27.091346397193057
27.141162359332494
27.190978321471928
27.240794283611365
27.2906102457508
27.340426207890236
27.390242170029673
27.440058132169106
27.489874094308544
27.53969005644798
27.589506018587414
27.639321980726848
27.689137942866285
27.738953905005722
27.788769867145156
27.838585829284593
27.88840179142403
27.938217753563464
27.9880337157029
28.037849677842335
28.087665639981772
28.137481602121206
28.187297564260643
28.23711352640008
28.286929488539513
28.33674545067895
28.386561412818384
28.43637737495782
28.486193337097255
28.536009299236692
28.58582526137613
28.635641223515563
28.685457185655
28.735273147794434
28.78508910993387
28.834905072073305
28.884721034212742
28.93453699635218
28.984352958491613
29.03416892063105
29.083984882770487
29.13380084490992
29.183616807049354
29.23343276918879
29.28324873132823
29.333064693467662
29.3828806556071
29.432696617746537
29.48251257988597
29.532328542025407
29.58214450416484
29.631960466304278
29.681776428443712
29.73159239058315
29.781408352722586
29.83122431486202
29.881040277001457
29.93085623914089
29.980672201280328
30.03048816341976
30.0803041255592
