2.167900258374951
2.3443729446079815
2.520845630841012
2.6973183170740427
2.873791003307073
3.0502636895401034
3.226736375773134
3.4032090620061646
3.579681748239195
3.7561544344722253
3.9326271207052557
4.1090998069382865
4.285572493171317
4.462045179404347
4.638517865637378
4.814990551870409
4.991463238103439
5.167935924336469
5.3444086105694995
5.52088129680253
5.69735398303556
5.873826669268591
6.050299355501622
6.226772041734652
6.4032447279676825
6.579717414200713
6.756190100433743
6.932662786666774
7.109135472899805
7.285608159132835
7.462080845365866
7.6385535315988955
7.815026217831926
7.991498904064957
8.167971590297988
8.344444276531018
8.520916962764048
8.697389648997078
8.87386233523011
9.05033502146314
9.226807707696171
9.403280393929201
9.57975308016223
9.75622576639526
9.932698452628292
10.109171138861322
10.285643825094352
10.462116511327384
10.638589197560414
10.815061883793444
10.991534570026475
11.168007256259505
11.344479942492535
11.520952628725567
11.697425314958597
11.873898001191627
12.050370687424659
12.226843373657688
12.403316059890718
12.579788746123748
12.75626143235678
12.93273411858981
13.10920680482284
13.285679491055872
13.462152177288901
13.638624863521931
13.815097549754963
13.991570235987993
14.168042922221023
14.344515608454055
14.520988294687085
14.697460980920114
14.873933667153144
15.050406353386176
15.226879039619206
15.40335172585224
15.659271757818507
15.938617367983221
16.213729348422255
16.46532597903289
16.70659154112165
16.953577322331938
17.206940490199813
17.457846910091817
17.685866236808852
17.87856597474407
18.035445805913522
18.171630555333312
18.312315232992592
18.45877968192278
18.620008337583812
18.791037237137505
18.95117062593694
19.107536469011293
19.255917548596816
19.411319351574342
19.595168995423627
19.81263675975153
20.08417179148934
20.416570230296966
20.766396030822506
21.116126830982687
21.442162509760855
21.725167367481042
21.980704280548448
22.22624038041664
22.464429860621472
22.689752904779724
22.885715031931653
23.048838364239497
23.181181943012533
23.28619396337061
23.375561401027184
23.456207325241888
23.543883549039478
23.634355985283104
23.706372832547693
23.777528307350423
23.845713247577947
23.928047573025008
24.04076522936627
24.18447723528818
24.374586909287757
24.63110724280053
24.918933628094784
25.224990216430715
25.526787906284056
25.7989169858655
26.060699255504968
26.311854089989726
26.55625250523244
26.788025844328022
26.99167183341097
27.165176512336206
27.318088723639367
27.44738336868131
27.54081963756018
27.620155854960743
27.708785531561382
27.812233559890238
27.908986455089796
28.001699805557262
28.086677003280663
28.18007680740091
28.306340275687077
28.464818303390242
28.667821646424173
28.927469150440352
29.221767078040035
29.537761268487955
29.85307529287815
30.134961778465918
30.39897255951244
30.645771789460852
30.882531098156836
31.104813517379927
31.298150153140842
31.460216421642077
31.60157968112241
31.721962450052445
31.813929402280507
31.894788836172957
31.983161153324378
32.07975767477771
32.16262057981805
32.24407866411095
32.319506150507664
32.406856403532004
32.52878737207217
32.68447375441818
32.8924804178816
33.168742181196095
33.4760224692943
33.79948515587671
34.11525074421128
34.40007271521853
34.666135857655135
34.9331593270252
35.199540381395146
35.457150789967265
35.68691934081172
35.88624507316554
36.063527214037435
36.21262018592383
36.33961975507721
36.45411137274734
36.57626252969394
36.709332589866776
36.82934603687314
36.93978048369571
37.037612279311695
37.1392902600248
37.270170561571
37.43091970800229
37.63344354290487
37.89195361762059
38.18576837219365
38.50056644361018
38.80992726128636
39.08498330384241
39.33877465299947
39.587403773875174
39.836228223088526
40.07763802274299
40.29111799259525
40.473027216253726
40.63220525214872
40.764161589622155
40.87792507216966
40.98139596956742
41.09492535756142
41.21892262141349
41.328509435027485
41.43430523626136
41.53282258426475
41.64181157544485
41.77891713846962
41.94541134968455
42.156049405918075
42.43152131511202
42.742470332610004
43.07201038464916
43.39234017959245
43.680710297740085
43.955436025965554
44.22000536290326
44.477254943410884
44.719879230657305
44.93216690388985
45.113114916903044
45.273892740022184
45.41170154266862
45.515490705351894
45.59838727172488
45.68221538023499
45.77661649184292
45.860726209991974
45.93787750194474
46.00436302716366
46.07838650873258
46.18289904152378
46.31686549266676
46.49483188772368
46.73581249347131
47.011966873548516
47.30847314059123
47.60027408070005
47.86026089879087
48.10000306766525
48.34146274912138
48.586607371642664
48.82752318587429
49.042430583806684
49.22807596176185
49.392971105038505
49.53564073990107
49.64990331237319
49.75002032106761
49.85806229697133
49.97587698432194
50.081058636131544
50.186414706462614
50.28662083487395
50.39766589441125
50.53874627437384
50.71162388658423
50.93760816042627
51.23406830703851
51.56062218857529
51.90073731860883
52.22990024800078
52.52875602987312
52.8098387641402
53.09296086631891
53.374959646195975
53.64722362923824
53.89118650041758
54.10438251233196
54.29545524823028
54.45456438849018
54.59046574891627
54.71350733671307
54.84395409898056
54.98417981489112
55.109367116647
55.22536442452089
55.329311161421536
55.43896565140554
55.57841392983728
55.74713030825374
55.957697038376736
56.226395103597206
56.5290994252735
56.85098372614766
57.16693852572983
57.4490455447581
57.70957006159014
57.965378220246606
58.223996755729836
58.477787336739624
58.70407536121484
58.899167600277494
59.07207651757873
59.217023307898046
59.34396448937893
59.46173333169365
59.59082157893197
59.73237161204929
59.85963005505345
59.98474743981897
60.103340235084815
60.232447242699486
60.3891016383132
60.578032740589
60.8167608109839
61.122351624140585
61.45989006925176
61.81452322203914
62.15944403504855
62.46882096167101
62.761113900942895
63.038911704013245
63.30749411654649
63.561995431388645
63.78651634502173
63.979600020247005
64.15214340349338
64.30214738950036
64.41765284751027
64.51499568289925
64.61715266710056
64.73049607022324
64.83165506395285
64.92719492304015
65.01379655908907
65.11039833665744
65.24039534691327
65.40350832518126
65.6142477810332
65.8895072294901
66.20132544664062
66.53499878771461
66.86426685722306
67.1615847193958
67.44595997465645
67.71824654084426
67.98505043941631
68.2402562454809
68.46737317925519
68.66493268096218
68.84322630584316
68.99980009361158
69.12699391675721
69.2359270540314
69.3498476716545
69.4744474685953
69.58557811335668
69.69820903463166
69.80809272109627
69.93098387240983
70.08511248352927
70.27138744761375
70.50636227854132
70.80842841041519
71.1413156034738
71.49000606795416
71.82908406234611
72.14006966995619
72.43974563367902
72.72897655820069
73.0104500461852
73.27780323502253
73.51722836707252
73.72812756003808
73.92001016747142
74.0848040150727
74.22617319453674
74.35469506821022
74.4917556949034
74.63739640646772
74.76780683283474
74.89700472090944
75.02134168065648
75.15667346018317
75.32343498427153
75.52317702552028
75.76907745929722
76.07630888454753
76.41822347201695
76.77960148325866
77.13282302534247
77.46010812019196
77.77528665446057
78.07500829593512
78.36427818048288
78.63999463160712
78.88754193385493
79.10430766720185
79.30009914819773
79.47246322828437
79.60877733551568
79.72241847615155
79.83627196948017
79.95242545695795
80.05177579381343
80.1517864256809
80.24770780262386
80.35368645144982
80.49161043990674
80.66253222549449
80.88248186673248
81.16836323834842
81.48353651118845
81.81328192342622
82.13329654070402
82.42622788804246
82.70559156034547
82.97105613117444
83.22499900647068
83.46357905485645
83.67380050038548
83.8547968601916
84.01594788027869
84.15419296727849
84.25690792995285
84.34126731007392
84.430416110834
84.52567958975288
84.60555270314835
84.68576374037647
84.76176468425234
84.84926325674759
84.96930202454357
85.12303785631659
85.32489830692928
85.59286347200207
85.89692820560126
86.22223167918777
86.54265073798432
86.83202362037562
87.11088851257693
87.37962955613791
87.64049305423626
87.88699574509364
88.10514587241911
88.29425317523177
88.46381698171504
88.61094873118078
88.72896098246953
88.82572793700325
88.92424318073184
89.03542214949779
89.13750289091735
89.2371352039289
89.32845702182041
89.42531590565534
89.55551590635807
89.71976017957728
89.93298377358973
90.21317764236237
90.52209898719417
90.8454422884877
91.1592031372644
91.43981770552325
91.70645785170694
91.95745860217072
92.1971191047958
92.42140003797343
92.61606519557796
92.78024573974703
92.92473554081491
93.04316859387468
93.14088056732363
93.22821625170128
93.32495913551205
93.42805978983148
93.51373911214178
93.59844420132322
93.6797848852623
93.77483136867313
93.9006178967939
94.05746715663739
94.2595019525884
94.52549248493055
94.82642086916742
95.14678576412801
95.45894270814398
95.73927217732863
96.00756648368755
96.26563545690392
96.51737439510318
96.75606157850322
96.96663396597067
97.14827698208258
97.31025422306669
97.4431556882205
97.55566843989952
97.6551169271575
97.76237642392714
97.88284939749228
97.9919450896202
98.09508072155633
98.18871623950395
98.28883645014179
98.42043443372594
98.58444112859561
98.79653686578669
99.0747073707652
99.3804723754997
99.69812701228017
100.00312470412878
100.27474285910382
100.5331682360964
100.77670387671874
101.00885204481915
101.2252872766121
101.41161430915582
101.56719303686533
101.69989088942884
101.80332652017012
101.88446656052618
101.95491842362588
102.03493833489995
102.11882664111444
102.18277415447717
102.36227605909086
102.54177796370449
102.72127986831812
102.90078177293175
103.08028367754538
103.25978558215901
103.43928748677264
103.61878939138627
103.79829129599992
103.97779320061355
104.15729510522718
104.33679700984081
104.51629891445444
104.69580081906807
104.8753027236817
105.05480462829533
105.23430653290896
105.41380843752259
105.59331034213622
105.77281224674985
105.95231415136348
106.13181605597711
106.31131796059074
106.49081986520437
106.670321769818
106.84982367443163
107.02932557904526
107.2088274836589
107.38832938827252
107.56783129288615
107.74733319749978
107.92683510211342
108.10633700672705
108.28583891134068
108.4653408159543
108.64484272056794
108.82434462518157
109.00384652979521
109.18334843440884
109.36285033902247
109.5423522436361
109.72185414824973
109.90135605286336
110.080857957477
110.26035986209062
110.43986176670425
110.61936367131788
110.79886557593152
110.97836748054515
111.15786938515878
111.3373712897724
111.51687319438604
111.69637509899967
111.8758770036133
112.05537890822693
112.23488081284056
112.4143827174542
112.59388462206783
112.77338652668146
112.9528884312951
113.13239033590872
113.31189224052235
113.49139414513598
113.67089604974962
113.85039795436325
114.02989985897688
114.2094017635905
114.38890366820414
114.56840557281777
114.7479074774314
114.92740938204503
115.10691128665866
115.28641319127229
115.46591509588592
115.64541700049955
