-5.86513133430221
-8.69840086234238
-7.87495689837767
-4.16185595937312
-0.0633040710477433
3.93787147340147
6.52747616020436
7.40009805565584
7.23262904472393
7.93112287707807
10.1605497464746
12.2884361084098
11.6283335488511
11.2870475909568
9.91557081153327
6.64409384125182
2.12091710708931
-1.17501900252914
-2.40569224589764
-2.59476865589107
-1.91903606166794
-1.457914246146
-4.72250892436463
-10.7682277624139
-12.1810087867229
-11.7670648843856
-8.25051385411233
-1.67509092810078
4.85891217156199
10.569758545999
14.2739128682343
15.7292674300268
16.2696342392362
16.2628193019271
17.4590253657439
20.4301817535812
22.5209392970779
24.1408023554919
23.533758471787
19.7888178660294
15.1425575843528
12.0431576948823
10.9605539502782
10.5077146717722
10.6258969597027
11.0221996918607
8.612270194686
1.74264372679634
-1.70671580914269
-3.94380186858671
-3.31617831061512
1.26655906606214
6.53883495532767
11.296819977703
14.5260828056324
15.7805483726416
16.2321154277352
16.2903825732663
16.5148492346221
19.1531123538492
24.4567949522151
27.1236486831142
26.6934635397181
23.0276067001407
18.5687609690592
15.3924987878263
14.1978192532836
13.9166144275278
14.2541630705666
15.0851141854048
13.4402379097667
8.12569532527789
4.13047847247146
1.32250439840628
1.40301072601677
6.5594817623568
12.4337570942223
17.7112718020877
21.1042402959857
22.413654356521
22.7764491102137
22.7783987655171
22.9983930937818
25.2976321667136
29.3750572390027
32.0263123746655
31.5759670537302
27.7234912374618
22.862166138063
19.4627537217327
18.254449265667
17.9037906109183
18.1462080615582
18.646139490196
15.7764832626525
8.80848043286146
5.42705231896541
3.51851856297819
4.75757422140547
9.61390323649507
14.9459996514311
19.7671709006026
23.0082377316395
24.2778528166618
24.7606529775425
24.7634544851557
24.920082071099
28.1201624006197
31.195709078855
33.3928318733416
32.7710476855818
28.9083340110756
24.3546598749796
21.4931600169609
20.607075782679
20.7213985558391
21.2764623843377
22.176412593191
20.7822156182211
15.5954292504475
11.5664648259162
8.8805926628277
9.74273795825516
15.0965455738531
20.7562419266727
25.8921967353404
29.2123230191544
30.4959887541598
30.9555415415311
30.9335922801602
31.058002875998
34.1028648396514
36.7059682969523
38.6779007776793
37.7762232210639
33.6581511240289
28.8607702639621
25.9991916372
25.2318655725939
25.0860946312612
25.6184687802035
26.3733988679317
24.3752972329395
17.7538961686644
13.6826210932641
11.3882070885395
12.7900103425353
17.7354081039498
22.9647481887605
27.7887538773047
31.1965706970434
32.7787934926045
33.4827862725301
33.6669521479162
33.8292352628323
36.367795804355
41.2327244361559
44.7853145082532
45.2869674593485
41.6635473789959
37.0287833052964
33.8494042530616
32.8523332707991
32.8717198754007
33.4031793794159
34.261097816348
32.4694576738614
26.3010588158043
22.4362233016966
19.9998507715166
20.8709035937155
25.8422601595741
31.3797181673663
36.2792808680455
39.4239364975378
40.6426870926329
41.0422859398029
40.9808736413912
41.0586425876465
43.4449860447415
47.6457096260949
50.2405243791649
49.7530470979215
45.8599154391787
40.8944424804092
37.4429057604723
36.2869968276523
36.0154223832203
36.3183369119113
36.7728682652253
33.4501557388174
26.017101521305
22.7876343900945
21.2564799246339
22.940197814278
27.6462630672315
32.7227125860701
37.3188309686228
40.4772140872267
41.7550683702881
42.2707429701395
42.2552728572384
42.3580500828607
46.0679576708872
49.2211999849018
51.4302435072812
50.7783225760735
46.9826597792608
42.4895890909787
39.6045931414003
38.6766037551814
38.5656715529254
39.1034175105982
40.0765447064145
38.6482589777978
33.1784481441932
29.3922147084133
27.029376109517
28.0199848496863
33.3199467817773
39.0152963685818
44.0937427078897
47.3324684317233
48.5694655400216
49.0376271560424
49.0154284089364
49.1243410861098
52.2993850322458
54.9779555242978
56.8548959090814
55.9782996592058
51.9702811101117
47.2504053092055
44.3442452753103
43.475430275149
43.2620670254411
44.2360868924246
44.9201869435938
42.3095659769174
35.3744647991513
31.7629244499628
29.6439997115696
31.0936788175947
36.5577843111234
42.1547832244429
47.1854894456296
50.5240066933527
51.8263758217913
52.361384236922
52.4381780599279
52.6220208585882
55.121534159358
60.0877147754832
63.2317769414996
63.1770245110531
59.4557041550534
54.8616400705833
51.689685342756
50.6332011554622
50.3726440210151
50.6810661415351
51.2158723845185
49.0019130971729
42.4766903729417
38.1687614871697
35.3796769206877
36.074773643522
41.0393879178119
46.449533704316
51.363314688513
54.6304505325181
55.9324927664511
56.4151014467257
56.4562214273558
56.6300079998151
59.0787356493919
63.4351939875684
66.7848148503707
66.9488685019861
63.1910169892216
58.4018850525903
55.0938862961418
54.0282717981406
53.8842541616227
54.3020062847472
54.9191608081537
52.3817379656917
45.4083791196741
41.9743576235135
40.1079851211098
41.5434322994573
46.3214087969431
51.5140247613827
56.1816437242016
59.350154456954
60.6359227354577
61.1487549464521
61.1598093789729
61.2792959442436
64.4483331508037
67.7387237548987
70.0412573536957
69.4150608668146
65.5382249306431
60.9901021129086
58.1066865538216
57.1769250039685
56.9048880013301
57.3026960305751
57.9450118443747
55.9181152317921
49.7293507458042
45.4992493379268
42.8916475788592
44.0492655923051
49.1845718308901
54.4900319389352
59.3423833274575
62.6891302836962
64.1355346933567
64.7722970949638
64.9328455501491
65.1002696912891
67.5807856673952
72.7396927679256
76.4407744982471
77.0209750416081
73.4933030275942
69.0133257126194
65.9578092224236
64.9881009089901
64.8993580693869
65.3581926920226
66.0673854593777
63.649933229126
56.7768719036586
53.3516723804631
51.4181222177647
52.7832263733496
57.621474286264
62.8773877089908
67.5737810889684
70.7825836597563
72.0972705021438
72.6138645597
72.6438001524659
72.7734861299495
75.1662054604025
80.0702683976039
83.0590298486695
82.8669298096663
79.1091365182214
74.4478706563081
71.2100332035071
70.0934378501322
69.7423054092419
70.0095232645995
70.4757836784616
68.1567428817564
61.39287165612
57.1201866303543
54.3725610271784
55.1234995405108
60.1601075537894
65.5527178473022
70.4438352263695
73.7518559924845
75.1005672815335
75.6339055415133
75.7291595865973
75.9181066550505
78.3544984102124
82.7207746650191
86.383867289688
86.8918432725027
83.2071188518001
78.4743565073953
75.2335875985968
74.18635037046
74.1460739279126
74.6379910986076
75.4706249921902
73.3443361108274
66.4664302028343
63.2369703749009
61.3829423602948
62.7572251752537
67.8909006300933
73.4487833872409
78.3575046065466
81.5186775858104
82.7312296617546
83.193605782463
83.1767215820138
83.273700231116
86.2910170544974
89.1329577092552
91.0799509858655
90.2560743629618
86.2640421955185
81.5938130189438
78.6760717287905
77.7721360464157
77.529038934976
77.9305450852379
78.6027291254502
76.5705580265769
70.1366481237539
66.1162040649327
63.710048198853
64.9595124338395
70.3106146901658
75.8459321029862
80.8235709308134
84.0408670899345
85.2533122768956
85.7643514228616
85.7942521393006
85.9343851058915
89.390197248678
92.4785861828716
94.9178392168972
94.4685694822038
90.7097584466473
86.2877061851146
83.5523453568378
82.7213776024241
82.6414612825559
83.2337185787793
84.1508817630702
82.0055863272808
75.1826124115601
72.1011554086616
70.6207084542977
72.4408180099654
77.5754265637885
83.0466803849062
87.8629374357619
91.0203650326223
92.2403237753599
92.7602452576516
92.7442094526395
93.2802355460701
96.7650952835282
99.8555133269742
101.852651142614
101.006254249895
97.3019498859977
93.0055875167738
90.2535696666758
89.3322041386029
89.0854698539627
89.4480602783926
90.1112154974873
87.5299723768553
80.6820764943244
77.6155676531064
75.9518059257695
77.3399867098591
82.4836861679126
88.1060600729418
93.0490807321092
96.1212959585982
97.1283520458124
97.4597272763549
97.3857184469629
98.6046211531602
102.081990613495
104.600351190116
106.368882850408
105.76871881312
102.151939734384
97.664471285532
94.6647833216706
93.6077617604801
93.3231229598481
93.6005867342627
94.2128525342223
91.0324796367461
84.015226577792
81.0594146344179
79.4722288273741
80.9021340421105
86.1847149490101
91.8765750831333
96.8623290560577
99.9449590176705
100.942836579302
101.209679465675
101.105433582295
101.85410773437
105.061302226746
107.658931284143
109.127957829482
108.1228578084
104.357302834582
99.9742504831904
97.107290163104
96.0412135973701
95.5802277614322
95.7972962469535
96.3283987244372
93.4939218349709
86.5087107790193
83.3218998249563
81.5695803753893
82.9545898560273
88.1353772017874
93.6898942761853
98.6376709242762
101.855611582113
103.033961403834
103.493385538742
103.506777418785
103.85541279488
107.661316569694
111.023732804077
113.142244205342
112.322473600994
108.574574767661
104.284362311312
101.522241434024
100.571392579534
100.540624609626
100.995677424279
101.767645075512
99.9951431354607
93.8885484617476
90.278066863341
87.9759448720827
88.7717653869853
94.298191204713
100.271510248306
105.541098806703
108.775704387498
109.884093444502
110.207780855623
110.135113340537
110.263700437179
113.711445460979
116.258617926573
117.707413482205
116.597650571564
112.588044580751
107.967983751545
105.09166019236
104.174408066529
103.887465700048
104.267639326888
104.864249818384
101.83224099775
94.5313906878005
91.4665401951923
90.0545793212152
91.8810579300134
96.9243108314745
102.286967361818
107.077812215182
110.301218507417
111.556390084697
112.085147337908
112.095210980248
112.640364537046
116.358372363186
119.791985886479
122.053446758024
121.295076970304
117.560781930445
113.222347572201
110.392948494491
109.458318486905
109.468011686399
109.934560792854
110.664753494422
108.901177454978
102.761155696434
99.1258257791921
96.8603408125113
97.7596130888748
103.105014099993
108.915892688381
114.032042643136
117.186358663322
118.271671123565
118.586558608143
118.495469479108
118.589767965023
122.068912310784
124.63681916974
126.074738415787
124.92204377609
120.895627171755
116.23659733678
113.317611283153
112.383875525466
112.107659420737
112.490882470666
113.08926085228
109.969084124386
102.661662034552