-6.44452782021639
-7.70947870170995
-5.47764651289865
-1.85677846508633
1.79289215734129
5.15787437964885
6.98303648361725
7.39999974657936
7.77864726023768
9.00855718564142
10.8848646681116
12.7137896371636
12.1683229950724
11.8281447616074
11.0843620917095
7.8313354626713
2.76437373850983
-1.20218689939166
-2.89145923005013
-2.83116034887324
-2.67992745562354
-2.73649887425039
-3.15748913099541
-6.02980885791072
-9.81900437526094
-12.6718543225164
-11.3938053247034
-5.59018784238965
-0.880060216072079
2.83801659449977
4.84907806189306
5.45279900556881
6.09840214379861
6.43173047109669
6.89070014015964
10.7595082726829
13.1391633206589
14.1217130040414
13.5172380053262
10.2311053526737
5.75786353729055
2.25923215278447
0.749291622623769
0.798485002600112
0.905036361806106
0.707734206616391
-0.953380064335787
-4.57219740036747
-8.44567661103293
-11.0957107682169
-9.67114058499362
-4.10176109115255
0.525270859191849
4.05333340942702
5.62880127705653
5.85649196820744
6.27916704166378
6.48069569801437
6.94707785247004
10.6480368874686
12.9078486532849
13.6438818038532
12.8923448337805
9.55605316708233
5.04313969990654
1.33170424160785
-0.32519067609511
-0.299935204784743
-0.221549068149548
-0.448261982937003
-2.15358842323639
-5.79595017928665
-9.78329309539027
-12.4835081090548
-10.9454726288553
-5.21663235509729
-0.501150373391556
3.08708355050466
4.62446665844483
4.80357243133977
5.1701961169321
5.31892835280784
5.70901722511101
9.25354576314322
11.5803059800855
12.2886401376006
11.4658446668579
8.09048633129689
3.64597163736194
0.0432852579669897
-1.51693724205219
-1.45876990987723
-1.33079357763177
-1.50427696655092
-3.07006890603008
-6.56708232134948
-10.625406999379
-13.3791287512989
-11.7257216215288
-5.88349601485328
-1.06941178933587
2.58789040534606
4.14041925112839
4.34222944442709
4.70557603826612
4.85669443502939
5.23692376913708
8.75266466774442
11.0712166779015
11.719344705872
10.8452206259056
7.42328586506343
2.9813358670444
-0.58526027754521
-2.11247299428892
-2.05188604214953
-1.92938907029839
-2.11861232142078
-3.71819314331285
-7.17783189537223
-11.3480885803106
-14.2282539626872
-12.633175513606
-6.73785343597518
-1.88164782501358
1.81862653798416
3.36949130650282
3.5579113610416
3.89462346869931
4.03348935860297
4.39188704274204
7.87887343554324
10.2110462231207
10.873811876686
10.0069058604077
6.58329032431625
2.1669120237132
-1.36864928767433
-2.86438468376881
-2.79128049386666
-2.64842056895858
-2.81103132332994
-4.29652736542428
-7.63411755472632
-11.8597119743876
-14.8341746486549
-13.2566488109602
-7.28159514548009
-2.36018769750531
1.38139718902566
2.94540675744717
3.14271606946599
3.48131380760749
3.62386387331881
3.97843933215137
7.47130981770343
9.79415557171411
10.4408811982778
9.55771166887524
6.11793140174332
1.70089343125058
-1.82260831121835
-3.31321104754934
-3.24539370105808
-3.11218210713727
-3.28947089528187
-4.80446905340806
-8.15628955097681
-12.4308596467597
-15.4560685023485
-13.9129885796964
-7.91334309467329
-2.97088795507247
0.786637422050166
2.34870236468448
2.54009501649943
2.87228465267332
3.01186941011625
3.35915463434936
6.88130811833516
9.21032161330909
9.8561184741012
8.97509433146259
5.5420562236758
1.13583279060686
-2.38658103893796
-3.87618428302734
-3.80471738464657
-3.6635343593998
-3.83198810924671
-5.23851554667209
-8.64445156223073
-12.8910198321217
-15.9297325474136
-14.3574427111108
-8.32796043533016
-3.38321440781309
0.359992716142811
1.91497215042934
2.10989269058562
2.45247753548664
2.59553233842112
2.95028250932254
6.43515404469024
8.77496576193067
9.43293631740044
8.55503012919735
5.12751712776808
0.727685018592622
-2.79400633781937
-4.28685183998333
-4.21507648844717
-4.07627673345592
-4.25080140007014
-5.71097586926729
-9.05725803056
-13.3559428444577
-16.4108080888981
-14.8773070304686
-8.8648794820008
-3.92129126220923
-0.173093935998031
1.38107761748787
1.5694139971984
1.90037607507765
2.0400803064598
2.3907719316643
5.86325542457773
8.19694786468439
8.86167697871737
7.98450541370233
4.54718816272961
0.140645550287211
-3.37627469218931
-4.86138253982008
-4.78932761261399
-4.64921766121656
-4.82025913602628
-6.26899021194235
-9.69021188399579
-13.9310356646421
-16.9668382773978
-15.4018911969767
-9.35737997567836
-4.3972220644148
-0.636668857757118
0.922960777662948
1.11852227332104
1.45809913119519
1.60037769257882
1.95310979031743
5.43197121717681
7.77091300186354
8.42617246254831
7.54226850890833
4.10903526693854
-0.286325545236473
-3.80352434861184
-5.29644539960931
-5.22892966193133
-5.09196689370052
-5.2680182542099
-6.68815518790887
-10.1036941871071
-14.352724031612
-17.4039830042176
-15.847134811346
-9.81026637622982
-4.857784049471
-1.11194620487259
0.43862167035511
0.628494420575722
0.967786947628173
1.1103057002995
1.46898629540116
4.95311846745577
7.29231028507805
7.94702355880211
7.06281873162371
3.6295360855897
-0.769273565349353
-4.29061051778165
-5.78649794099481
-5.71910643139789
-5.58350170600804
-5.76304898073328
-7.2231683097997
-10.5715705057373
-14.8703253265633
-17.924536260151
-16.3783143914734
-10.3590228566304
-5.41480605670616
-1.66922516030426
-0.121928583296717
0.0622154090782203
0.390760704296465
0.527244177596482
0.87740204559894
4.35368530953282
6.68484581339355
7.34129055749648
6.45272202986803
3.00783769190788
-1.39895327287264
-4.91105393716289
-6.39258576829424
-6.3211862082295
-6.18227530821568
-6.35599290824039
-7.82954238692756
-11.1730866966141
-15.4633123346063
-18.4945213968577
-16.9134853657722
-10.8891299394953
-5.93884913317719
-2.17867884985555
-0.624743727676721
-0.43508723580107
-0.108273778068204
0.0243607600316366
0.36492714388097
3.85222926233021
6.1750459417279
6.80748300986004
5.89918111998139
2.44262987606372
-1.96644805769147
-5.47309948327924
-6.94741725161801
-6.87665716546328
-6.73868863526816
-6.91201160946291
-8.36163673717241
-11.7854077584921
-16.0218498378833
-19.0400505101258
-17.4273824760174
-11.3780498686909
-6.41836738012857
-2.65558101870511
-1.10053142073527
-0.907190223864334
-0.571456633203584
-0.435625608106208
-0.0896873465802091
3.38119902712964
5.71297565710509
6.34923213567075
5.4432768630034
1.9946138684842
-2.4005243031748
-5.90442473310632
-7.38434473943764
-7.31666485151672
-7.1813869987545
-7.35982978547943
-8.80886042832028
-12.2350963438217
-16.4776537263511
-19.511983931182
-17.9220600830056
-11.8729807716903
-6.90985517325568
-3.15005996109514
-1.59918742468169
-1.40967662869207
-1.07503938330711
-0.9377535743215
-0.586262976700866
2.88749068027984
5.22021139408645
5.85865799343319
4.95484709051242
1.50774609622579
-2.88720434027339
-6.39610121876234
-7.8830073418805
-7.81849265111939
-7.68527610338844
-7.86733059728249
-9.31387867312387
-12.7406369569882
-16.9865460436554
-20.0275594250594
-18.4429197583903
-12.3920373555665
-7.43069580175377
-3.67564202715001
-2.1294911101459
-1.94320667304379
-1.60956600625646
-1.47347376743545
-1.12122711973366
2.35399278100093
4.68810020879499
5.32822712696079
4.42373770401556
0.975671761347448
-3.41967715267535
-6.92863494166629
-8.4149001474593
-8.3497021392835
-8.21558105994385
-8.39706951057267
-9.85658032060035
-13.2036469255513
-17.4992872921402
-20.5405486322692
-18.9524594921084
-12.923609783771
-7.97557233965524
-4.22605458367793
-2.68418418128138
-2.50200367363323
-2.17783411594029
-2.0479131015358
-1.70426851683367
1.78471614508754
4.10863958243014
4.73636510831358
3.81757448872233
0.352815428447386
-4.05517479778284
-7.5571353595829
-9.02896608353946
-8.9593326570559
-8.82279365953336
-8.99994096666673
-10.4949977112996
-13.8398898651028
-18.1302675185766
-21.147858664427
-19.5263717305273
-13.4914225484554
-8.53952321427407
-4.77316776454408
-3.22400556020735
-3.03711706080184
-2.71663277898257
-2.59204733255572
-2.26059372991226
1.24231324391157
3.56312579514755
4.17117775409984
3.23205857686117
-0.246655999965132
-4.65708183598511
-8.15035558781982
-9.60757792626316
-9.53674795481373
-9.39795994486456
-9.57088120295558
-11.0255900892612
-14.3667463339538
-18.6538390870101
-21.6554390549308
-19.9849966239526
-13.9562509101818
-9.0160740403544
-5.2584756648398
-3.70720447750815
-3.51345377060123
-3.18788949802308
-3.06203925164819
-2.73164087803524
0.757132494182952
3.08107115572412
3.69084571474
2.74637405072192
-0.737635369411305
-5.14687353852926
-8.62939659483019
-10.0761156472192
-10.0053273056726
-9.86770955881866
-10.0439932338088
-11.5344677900639
-14.8809563612622
-19.1760470617754
-22.180464029196
-20.5119702085149
-14.4833617656485
-9.54058606664652
-5.77321184521747
-4.21877813260595
-4.02594595862569
-3.70505845824096
-3.58155132335086
-3.25541914901058
0.231489878290373
2.55715945833199
3.16731434630552
2.21676832511252
-1.27478884361448
-5.68520203887844
-9.16359966322428
-10.6026947112348
-10.5300753243647
-10.3895584726194
-10.561564004889
-12.0129085906368
-15.3541944950668
-19.6443402899627
-22.6388587868908
-20.9378514420574
-14.9111582300051
-9.97644154205257
-6.21818242491308
-4.66245013874257
-4.46300979558707
-4.13588672587954
-4.00907867071213
-3.68034675745903
-0.204867236499815
2.12162162359761
2.73524626786394
1.78438866328087
-1.70826671220283
-6.11661715950064
-9.58859520008046
-11.0252744542786
-10.9530125209916
-10.8153132749108
-10.9936560264188
-12.4810953609966
-15.8299591304047
-20.1310014077838
-23.1349701224628
-21.4482566051402
-15.4211830979557
-10.4822782607829
-6.71709987677792
-5.16486181137997
-4.97235687611354
-4.65312861494563
-4.5314806558481
-4.20716755371416
-0.722616151281298
1.60339816989887
2.2097185306235
1.24968405052853
-2.25076605159074
-6.66282959481498
-10.1346155955145
-11.5651269840839
-11.4906561808862
-11.349156684008
-11.5210947683284
-12.9801173484558
-16.3208734549268
-20.6121915418242
-23.6008714958786
-21.8809855497323
-15.852864777258
-10.9193473324286
-7.15859921199466
-5.60346258867234
-5.40370053999599
-5.07922709430334
-4.95530138007859
-4.63063472265728
-1.15855835857556
1.16844117081522
1.77625095959191
0.812453004222403
-2.69127527559206
-7.10209576495222
-10.5668399781409
-11.9932824444885
-11.9192586460821
-11.7799393501597
-11.9566368595211
-13.4453370818545
-16.8655053274645
-21.1103730393578
-24.0977924791499
-22.3765270295543
-16.3489095189502
-11.4141613678052
-7.6494507311494
-6.09465838245306
-5.89605672687335
-5.57271661652832
-5.45008681192455
-5.127967458061
-1.68213517595743
0.689727042841368
1.30869233273307
0.336638978507714
-3.17189204803466
-7.5779706822989
-11.030877368102
-12.4500677235111
-12.3786377010072
-12.2409976589694
-12.4226682434
-13.8382562346301
-17.2642655819333