3.4701283601613704
3.4399754965631275
3.4098226329648846
3.379669769366642
3.3495169057683993
3.3193640421701565
3.2892111785719136
3.2590583149736707
3.228905451375428
3.1987525877771854
3.1685997241789425
3.1384468605806997
3.108293996982457
3.0781411333842144
3.0479882697859715
3.0178354061877286
2.9876825425894857
2.957529678991243
2.927376815393
2.897223951794757
2.8670710881965147
2.836918224598272
2.806765361000029
2.776612497401786
2.7464596338035436
2.7163067702053008
2.686153906607058
2.656001043008815
2.625848179410572
2.5956953158123293
2.5655424522140864
2.535389588615844
2.505236725017601
2.475083861419358
2.444930997821116
2.414778134222873
2.38462527062463
2.354472407026387
2.3243195434281443
2.2941666798299014
2.2640138162316585
2.2338609526334157
2.2037080890351732
2.1735552254369304
2.1434023618386875
2.113249498240445
2.083096634642202
2.0529437710439593
2.0227909074457164
1.9926380438474736
1.962485180249231
1.932332316650988
1.9021794530527454
1.8720265894545025
1.8418737258562596
1.811720862258017
1.781567998659774
1.7514151350615312
1.7212622714632886
1.6911094078650457
1.6609565442668028
1.6308036806685602
1.6006508170703173
1.5704979534720747
1.5403450898738318
1.510192226275589
1.4800393626773463
1.4498864990791036
1.4197336354808607
1.3895807718826179
1.359427908284375
1.3292750446861321
1.2991221810878897
1.2689693174896468
1.238816453891404
1.2086635902931606
1.2721552716817854
1.3462664803527622
1.4065413835727456
1.4451852100445186
1.482790625013804
1.5134944739678793
1.5363941078398031
1.5506835907689147
1.5396854725007394
1.4912903482994764
1.4071348981052378
1.3009958207230332
1.1989182267089233
1.0999756646642571
1.0047847177305398
0.9211038931207426
0.8487816196804335
0.774419548505811
0.6912102155766827
0.6178206246440788
0.5831622429285176
0.5816099973601596
0.6077300407578126
0.6632168700465223
0.7450652103893062
0.8480065281057947
0.943408347541686
1.0026755162618115
1.0540753065558996
1.0962760020447029
1.1294352100725713
1.152761669184451
1.149077259117412
1.1140050890479434
1.0525661408419986
0.9556410245790173
0.8434298940803058
0.7256467989581785
0.6107512617755765
0.5083034412501074
0.4129238710546023
0.31259107645257467
0.20213396274371753
0.10176358053371189
0.040617906380491314
0.013525531450494843
0.022223364433796883
0.06518475218741836
0.13508918464846803
0.22481228599749817
0.30604853052342357
0.3527508060232587
0.39188910526496973
0.4231581936921463
0.44835114097919226
0.4662222546281318
0.4585954340063062
0.42049602553331433
0.3559855342068945
0.2570789863429747
0.1436821310997156
0.02633008780627771
-0.08720068195432254
-0.1883068345129294
-0.28168695193323756
-0.37895613793367133
-0.4854834055681286
-0.5820222918309357
-0.6392628905981622
-0.6622630845006275
-0.6491472269692472
-0.6016172415601451
-0.5264337508807497
-0.4311762397275547
-0.34517920042083217
-0.2947990395813514
-0.2526506568133427
-0.218810495792285
-0.19074950029379129
-0.16968371895364218
-0.1738095994450492
-0.20810286303790135
-0.26827035917896297
-0.36174670555620336
-0.4701548750442793
-0.5823261187450554
-0.6901811108171361
-0.7852769819644158
-0.8735960781323477
-0.9661412498052555
-1.0684584752048956
-1.16079702677509
-1.2139532280866576
-1.2331118048937029
-1.2169965727859344
-1.1673936383553891
-1.0896192723110176
-0.9913594850097323
-0.9031071716712715
-0.8512091199813993
-0.8081536033819775
-0.7738289504249081
-0.7454464788261004
-0.7242541671407946
-0.7282047682754142
-0.7622645032440626
-0.8221350205801482
-0.9151754846023584
-1.0231234736078738
-1.134456663009016
-1.2411668542680592
-1.3346201062744985
-1.4212759344476869
-1.5124511910971354
-1.6137194693085841
-1.7050787326807466
-1.757269973117378
-1.7754101832369156
-1.7581502697373113
-1.707710179898058
-1.6283950606868902
-1.5277590281682447
-1.4367425962880762
-1.382392664292207
-1.337129311361946
-1.300879750122913
-1.270564966995104
-1.2473536599051558
-1.249109205488663
-1.28091558246848
-1.3384155663130075
-1.428914714502002
-1.5344124142008
-1.6434012458742706
-1.7478380329016943
-1.839271533789879
-1.9236323452431938
-2.0130474183484184
-2.112783521503267
-2.2027638784410613
-2.2538274697501457
-2.271071011030784
-2.253671658678995
-2.203922062841713
-2.1249689013618065
-2.0241415149184196
-1.932857455391554
-1.8788243614108988
-1.8343616262649516
-1.799239449944634
-1.7701276366992733
-1.7482070674250885
-1.7513426708403173
-1.784606360550195
-1.8434771769032694
-1.9352910549562345
-2.0420151727042057
-2.152102301886281
-2.25749107392016
-2.349858450004072
-2.435116596546223
-2.5254523847805803
-2.6259908639150726
-2.716508027257549
-2.768010993034755
-2.7855565442790944
-2.7681672051827197
-2.7182894182734496
-2.638847216876373
-2.5372061922122655
-2.4449058654590976
-2.3900828837468193
-2.3448966770090527
-2.3092118523754253
-2.279683503731879
-2.25743790039756
-2.2602832962691473
-2.2932522861221782
-2.351744035245547
-2.4433249979604685
-2.5498612812635972
-2.6597606660938586
-2.7649732882191915
-2.8570507250459998
-2.942621854510233
-3.0329216478807317
-3.133344603027079
-3.223560928135495
-3.2746504348195424
-3.291778774361806
-3.2746732476865277
-3.224713511650133
-3.1453504016616742
-3.043639965143726
-2.9514425008854177
-2.8968844009599226
-2.8520869609934154
-2.8166367428413466
-2.7872707826741845
-2.7651953908038687
-2.7682276005191166
-2.8013140683442552
-2.859954513658353
-2.95147437315589
-3.0580414633111705
-3.1680700945439852
-3.2734665178199895
-3.365760408919913
-3.4516066431080867
-3.5422268244890915
-3.6430555138347773
-3.7338302396265552
-3.7854640412042664
-3.8030736688412565
-3.7861139608401175
-3.736722764774698
-3.6576084189749256
-3.556047036818694
-3.4637321132680507
-3.4089068383985137
-3.363815567256203
-3.328098313414583
-3.2984454632427602
-3.2760253765320715
-3.2786255750675144
-3.3112565992180656
-3.369447812134798
-3.460482664892799
-3.5665451848650105
-3.676127655607432
-3.7811067020377966
-3.872901846646097
-3.958208353316796
-4.048342600677499
-4.1487808581956385
-4.239201998233892
-4.290478949852106
-4.307766609890034
-4.290592118600019
-4.240521120097701
-4.161131524126851
-4.059427734251745
-3.9671865592216697
-3.9126425005730283
-3.867932468484184
-3.832669097182513
-3.803495147849415
-3.781606303937531
-3.784801187181555
-3.8180465835077424
-3.8768660850440573
-3.968567219909198
-4.075326260579047
-4.185536548807472
-4.291095078737809
-4.383582599185087
-4.469127773889159
-4.559828190733719
-4.6607825167778225
-4.75166682028893
-4.803532004991382
-4.821462826749297
-4.805157524734523
-4.756021696881373
-4.677540105106679
-4.576704682005503
-4.485319107768353
-4.431637002739238
-4.387646935225606
-4.353073519415653
-4.324611642343081
-4.303491906792441
-4.307564565859862
-4.341773045979614
-4.401548686078848
-4.494145272509276
-4.6017720469604955
-4.712830439134905
-4.81920633117656
-4.912746290096358
-4.999306662942409
-5.090960020563568
-5.192690886281657
-5.284129729322249
-5.336500066027202
-5.354887312606941
-5.338662143433064
-5.2900027729328665
-5.211637155278818
-5.110922562688295
-5.019622780841161
-4.965990799869517
-4.921903917083968
-4.887252586253162
-4.858821418455833
-4.837829079596345
-4.842050382273576
-4.87638366713173
-4.93617014152523
-5.0286288384510325
-5.136056611750417
-5.246912575342213
-5.353029153043032
-5.445965760865344
-5.531845185110913
-5.622857007295331
-5.723935505882329
-5.814424316582483
-5.865907598714709
-5.8835240300532154
-5.866497098118859
-5.817054169515505
-5.737916033330042
-5.636547610158952
-5.544816178939586
-5.490793072572301
-5.446448823384488
-5.41161604189058
-5.38303597935802
-5.361966699314822
-5.3661346568733865
-5.400381241632068
-5.459946299504325
-5.5521869942695545
-5.659341783987438
-5.769773522852861
-5.875357458970674
-5.967921019673509
-6.053447564730268
-6.144195561938852
-6.245076666426123
-6.335376752803947
-6.386665978832957
-6.404073756695101
-6.386931869993412
-6.336821740020657
-6.257378667972595
-6.155822429218389
-6.064128183174238
-6.010335926752513
-5.96629713696166
-5.93177567684883
-5.903511797596906
-5.882823330385141
-5.88748115959316
-5.922246566419463
-5.9823387009667774
-6.074947268770517
-6.182517142819982
-6.293370060755679
-6.399362384384104
-6.492127433782258
-6.577913329092803
-6.668906147350131
-6.769929419187566
-6.860135952899756
-6.911326490855059
-6.928655045534351
-6.911498237564767
-6.861348262696691
-6.781781084347264
-6.679952626034003
-6.587813676283712
-6.533557821884829
-6.489153928263929
-6.454242129689807
-6.425537270798776
-6.404384520520809
-6.408578078990312
-6.442875188825942
-6.502493283020507
-6.594630800467918
-6.701738243614125
-6.812161894397863
-6.917781120337804
-7.010422454491593
-7.096136062373261
-7.187095666274063
-7.2881020423044065
-7.378365379748257
-7.429596551897709
-7.446914086093076
-7.429716875521247
-7.379546179192716
-7.299982012520256
-7.198164589936719
-7.106035854158293
-7.051831418384435
-7.00740704983826
-6.972446518731974
-6.943710031044763
-6.922565059365476
-6.926811417281598
-6.961178012164906
-7.020869326574051
-7.113048927667327
-7.220193009718198
-7.330639260121964
-7.436234177157352
-7.528656621593138
-7.6140950077007625
-7.7047145878342596
-7.805283934512532
-7.8948950829261015
-7.94547312078911
-7.962176947423918
-7.944309522863613
-7.8939771762617665
-7.813873952737631
-7.711481094870309
-7.618784683532363
-7.563864318889225
-7.518718530935054
-7.482993393488077
-7.453454087919385
-7.431504043695174
-7.434904316275649
-7.468375724642645
-7.527068250876467
-7.618313274648498
-7.724458296029368
-7.8338377957543575
-7.93830277157054
-8.02968126501625
-8.11451789104063
-8.20427443196629
-8.304067984255102
-8.392923576125948
-8.442765403009512
-8.458753617586586
-8.439908935598835
-8.388616011872678
-8.307594748351468
-8.204448112272663
-8.111227682348144
-8.055840562544203
-8.010427396727538
-7.974249285420351
-7.944231418579685
-7.9218886633524725
-7.924903625399173
-7.957922985331249
-8.016004333928528
-8.106682353580338
-8.2122569462701
-8.32094684966791
-8.424620537219312
-8.514631134799874
-8.598122417885621
-8.606915724286047
-8.615709030686467
-8.62450233708689
-8.633295643487312
-8.642088949887732
-8.650882256288154
-8.659675562688575
-8.668468869088997
-8.67726217548942
-8.68605548188984
-8.694848788290262
-8.703642094690684
-8.712435401091104
-8.721228707491527
-8.730022013891947
-8.73881532029237
-8.747608626692791
-8.756401933093212
-8.765195239493634
-8.773988545894056
-8.782781852294477
-8.791575158694899
-8.800368465095321
-8.809161771495742
-8.817955077896164
-8.826748384296584
-8.835541690697006
-8.844334997097429
-8.853128303497849
-8.861921609898271
-8.870714916298693
-8.879508222699114
-8.888301529099536
-8.897094835499956
-8.905888141900379
-8.9146814483008
-8.923474754701221
-8.932268061101643
-8.941061367502066
-8.949854673902486
-8.958647980302908
-8.96744128670333
-8.97623459310375
-8.985027899504173
-8.993821205904595
-9.002614512305016
-9.011407818705438
-9.020201125105858
-9.02899443150628
-9.037787737906703
-9.046581044307123
-9.055374350707545
-9.064167657107966
-9.072960963508388
-9.08175426990881
-9.09054757630923
-9.099340882709653
-9.108134189110075
-9.116927495510495
-9.125720801910918
-9.13451410831134
-9.14330741471176
-9.152100721112182
-9.160894027512605
-9.169687333913025
-9.178480640313447
-9.187273946713868
-9.19606725311429
-9.204860559514712
-9.213653865915132
-9.222447172315555
-9.231240478715975
-9.240033785116397
-9.24882709151682
-9.25762039791724
