-6.13051526707691
-10.0928231123504
-10.3587840607875
-6.99230929947748
-2.52261339673739
2.04776537597315
5.60879462203255
7.64186368696789
8.23446672161275
8.06750403491973
11.1911179494598
15.0144932530948
15.1006386134949
15.5290460018593
15.1781760164175
12.0960388723159
7.62640102324286
4.05066530945644
2.68790785609957
2.59831804062297
3.26238509228965
4.67418733476885
-0.79037950224063
-7.28723055684267
-9.12949943366615
-9.49642532705472
-6.58673104615107
-0.798274609687256
5.48876361403218
11.3626499813421
16.2066160754003
19.3095702278159
21.0123800424684
21.660453064264
21.9063529014656
25.5047471454079
27.9297430590366
30.2127756600604
30.3095308623175
26.3179520507241
21.0951511598406
17.292865753484
16.2155341080835
16.068485679706
17.0173545306225
17.2047534064419
15.023926044141
5.94197272573343
0.914578589806202
-2.08576195355197
-1.20538827902071
3.09065053513213
8.36192298537488
13.6628734329625
17.8312871198896
20.4484049975888
21.6882271021786
21.9210756634081
21.8953134703107
25.6251763142996
28.4448743368072
30.8254180572252
30.8534208015026
26.5325368635317
20.9998125631121
16.993820236143
15.8257791119956
15.8069194047627
16.2397712870086
16.4827922093674
14.7561676910566
6.9583712970722
1.86916292649603
-1.04347352630982
-0.116096552143242
3.96853509604693
8.97104537097146
14.0134924642257
18.2825886090691
21.0748776302876
22.595996990794
23.0406919169645
23.118718072843
27.1053550582533
30.24910047988
33.2013212825081
33.9411349425856
29.9765878292379
24.5465105296423
20.6073162492298
19.4757520781534
19.6181579223651
20.2582995865057
20.7218286288472
19.0147598647776
11.3817941648788
6.72452142961347
4.04615317931273
4.99068986767777
9.13733753265082
14.3707962637869
19.5948250464801
23.8589414849321
26.617674531632
28.0084459985027
28.2483489443137
28.4707104923798
32.6496714111687
35.3841466543711
37.6825836785532
37.7007699062065
33.4160617074375
27.8767756316501
23.672761284519
22.4605879701036
22.3571611592969
22.6484868689806
22.5205841098896
20.083217183077
11.5308323865516
6.61753037143428
3.88427580269614
4.58521507422941
8.50065816243451
13.6073954607563
18.8810795468504
23.0899916279367
25.7998146382359
27.0959347554703
27.2988943438723
28.5717919523295
32.4750872795989
35.2237804633799
37.6387697104191
37.8102505360939
33.782645173776
28.4871390634431
24.3672928738655
23.3138025838364
23.3063655084864
23.7857078860369
24.0140371469771
22.0096933190447
13.6424810689117
9.12588467336064
6.58326906200348
7.44048631280561
11.5406964494102
16.8249939671248
22.1810096077904
26.4627830251138
29.2236072361895
30.5389709528345
30.7186159082858
31.6026341224431
35.212316119124
37.6448383966199
39.7757072830691
39.6144634182024
35.3867722977014
30.027033638842
25.8578264653691
24.8542596537364
24.8079549124651
25.1967610329241
25.2528803491622
23.0354443450782
14.2837777582747
9.44766590876292
6.83306745786884
7.54938295114691
11.4345147758114
16.4958895125117
21.7123916066934
25.940328458303
28.6909532345085
30.046458194706
30.2898608199289
31.3986378421637
35.1948713683628
38.0574508118803
40.6103118103503
40.8794150326853
36.8391454386163
31.4980408218804
27.3794473303744
26.299980495636
26.3068581207349
26.7928271176975
27.0550220902932
25.2103532425086
18.0230506311429
13.4218147636693
10.5866090642676
11.1182038246192
15.0654978494762
20.2573589004799
25.4358323747946
29.5944110554551
32.2611288491178
33.5803673300401
33.805981515358
34.1721342204812
38.4808101694885
41.3307541069017
43.8052247310475
43.9697610472016
39.7745511947713
34.2679353600778
30.1464814552467
28.9354450769103
28.9034222775542
29.3096568938329
29.371731888548
27.5019453844838
18.5388518465308
13.4273719302234
10.3651982514572
11.1873564895388
15.3710723244275
20.6035507179884
25.8711378646645
30.1766714843278
32.9374321210014
34.3548767428879
34.7080108879499
34.7481638464022
38.4722355236573
41.6190628890856
44.4833204535629
45.0614551367641
41.0169502015697
35.6005902221226
31.6159327546062
30.4727203427477
30.5334779690797
31.727775158983
32.0234241032121
30.543173527675
22.1372580804934
15.9497304498001
12.7236090825611
14.1496071521037
18.4199562973741
23.3794225749272
28.4273078491997
32.6813542045313
35.4195888871237
36.8096641805159
37.0809162828184
37.0322194321297
40.9223629536625
44.0220712685592
46.7952741839178
47.3262376087799
43.1657838861739
37.6197216175563
33.5201161626131
32.3261292778663
32.3943737524854
33.1303783532279
33.3288088981144
31.8500076356163
23.8655595679954
18.2192178129288
15.3300808131967
16.4950332046496
20.6055674925774
25.6240279077255
30.7855433816255
35.1074086680791
37.9366905648472
39.3943992883949
39.6914029203034
40.5209946138656
44.3124958164336
47.4474822161768
50.1905778328437
50.5400440157028
46.3798342645173
40.9806069145142
36.8525189359921
35.7755643639627
35.8127893842325
36.4273348070695
36.609114739796
34.6369062618277
26.2861322983326
21.3945512387333
18.7828011463174
19.6970287361357
23.7131295435375
28.8486993461429
34.0815932765664
38.2979134880933
41.0235252237048
42.3312756874691
42.4954994022767
43.5013463216182
47.266403221602
49.7537795960019
51.9608783716244
51.9448370328358
47.8080988988706
42.4690921767369
38.3257163343943
37.2595224947499
37.2089960989064
37.5479743470378
37.563725121323
35.3747036688352
26.7847788707124
21.834098360308
19.0673388750052
19.9563258281295
24.0995800982605
29.3486105463195
34.7216719566679
39.0261511340039
41.7929550399169
43.1526108435663
43.4449040439333
44.2154092129528
48.1208762141543
51.1905592795174
53.8479618764693
54.0309178237771
49.9018718186741
44.6130427222137
40.5871735058092
39.5670111753358
39.5662713665137
40.1224171910849
40.2891617886059
38.3228001690537
30.1604466120992
25.3023071778953
22.5121362095157
23.2814258956169
27.204897109057
32.2061698618407
37.2352698248094
41.3301238440576
43.9682304393543
45.264601388405
45.4823023430948
46.1094213978951
49.8627441031619
52.760027456849
55.3697981245451
55.6919510531079
51.6573403206049
46.272464256628
42.2118631410337
41.0256981580438
40.993541884146
41.5207153480029
41.6696540840627
39.6363621845814
31.3580332063566
26.3013360827186
23.5792996086869
24.3980360718478
28.3287356236366
33.3005378524915
38.3794954844956
42.6128668957592
45.3746544097955
46.8173512457797
47.1812813307293
47.7091320201319
51.7708908350966
55.119825319432
58.1422905500581
58.7985468025138
54.8917656694734
49.5487132313691
45.5421810717387
44.3877148796885
44.4268711225558
45.3550490469512
45.6804774682136
43.7665380002708
35.0778074116575
29.782963341521
27.0276906335951
28.2233271068032
32.255557586661
37.1039761794692
42.0288675932078
46.2505704997768
49.013361177734
50.4662872428129
50.8115941296172
50.7708721419923
54.6077261450072
57.5877734681928
60.3969866476193
61.0216680135629
57.0181769407208
51.5608283669145
47.5280967057244
46.3200314393743
46.4008270514871
46.925288639156
47.2201616890774
45.7892875849177
37.8398520231653
32.1998113920683
29.1507600651691
30.2967365022193
34.5340245116396
39.6197172396178
44.8038546600193
49.1673912962406
52.0197491285817
53.5451730238384
53.9822479044534
54.0875886400395
58.1223540079644
61.3656555719855
64.352817294577
65.0293953728483
60.9590240699275
55.5767981546456
51.6344921932297
50.5554407463769
50.7198448400362
51.4924359046231
51.7845254900272
49.7762311280635
41.2223718705781
36.057296608758
33.2758755287676
34.4451226840452
38.6777821521009
43.8334888448649
49.045737591514
53.3008517160459
56.0335694626228
57.4043992857665
57.7119814514249
58.1514611092726
62.602376528638
65.7789943005885
68.5611109571159
68.9329024270508
64.8925694644946
59.5365142317527
55.5347916563174
54.31140699222
54.2798788285613
54.6863772220488
55.2047609061065
52.8440125127511
43.7331517191336
37.9343582736047
34.5242461153464
35.4294414809609
39.6275696644699
44.6666407702111
49.8028609036319
54.0793723845951
56.8292244715035
58.2748512378425
58.7405788685565
58.8976574472303
61.6520350580365
65.6018374296425
69.0550954651863
70.3728270733463
66.5713354572734
61.1588199097467
57.3952382188318
56.2557673087762
56.5064901523233
57.2504962999626
57.8831664829298
57.1637403129844
49.0109286203672
42.7796516675831
39.7315808811987
41.2179622917529
46.0082700176563
51.6647089103601
57.3792633023515
62.0507328266212
65.066461973947
66.6334992566457
67.0557756474786
67.1847463362005
70.785277952781
73.9325298908833
76.4674917890372
76.4413064124949
71.786074095964
66.2388264941755
62.1713037724829
61.1886031403289
61.7790717741099
61.914443639348
61.6096486725168
58.8585822940175
49.5826060151012
44.2361093976759
41.5220538019805
42.4772802056495
46.4900320372303
51.5700812316715
56.8280742513203
60.9703409525096
63.5449293306325
64.729494149552
64.8870500763126
66.6769210463746
72.3685974598845
75.2995289772335
77.6028595370023
78.0792977704485
74.5840488639475
69.4164140729846
65.4020576189938
64.1764667849577
64.0319991764246
63.8483769196677
63.6190483800823
60.0407644473022
50.0157631079049
45.0263143925586
42.0350371342147
43.1542049471172
47.6339919804586
52.8568727366132
58.1694161874171
62.5539458311732
65.4038507259374
66.9768433629475
67.6583399972709
68.0645118099513
70.4861486122819
75.8288716376515
80.2835683161153
82.8073561155839
80.0918872154204
74.9458704136778
70.9965436672355
69.6437940990584
69.7733615544873
70.3401061080062
70.744009913895
68.9626241972669
60.7368516348817
54.9907894840643
51.3181002567793
52.1340036858442
56.4190457336784
61.5471934457475
66.6636155266013
71.0268322564486
73.8816067712986
75.40953639521
75.9343497079877
76.1208576838646
78.0445008944767
82.3789129624798
86.5007896949787
88.5801742081722
85.1463722234817
79.3027651803436
74.9116800961915
73.3715763291069
73.5224705406619
73.8577309986166
74.6313751555024
73.3975248140534
65.2045808763582
57.9757112214937
54.0671938954374
54.625260053944
58.8074895866081
64.0931258550988
69.6431661708534
74.2324849995423
77.2329237610399
78.7636084601263
79.2308319155738
79.4326292606641
81.6871691785503
86.3421469859824
90.2027559393953
91.7433059005074
87.7066067580301
81.7343387073852
77.4170174636187
75.9544355224372
76.5288668348536
76.7554747358238
76.3566327235274
74.2355170269163
65.7151380706228