4.051975128427062
4.052096811771315
4.052218495115566
4.0523401784598185
4.052461861804071
4.052583545148322
4.052705228492575
4.052826911836826
4.052948595181078
4.053070278525331
4.053191961869582
4.0533136452138345
4.053435328558087
4.053557011902338
4.053678695246591
4.053800378590842
4.053922061935094
4.054043745279347
4.054165428623598
4.0542871119678505
4.054408795312103
4.054530478656354
4.054652162000607
4.054773845344858
4.05489552868911
4.055017212033363
4.055138895377614
4.0552605787218665
4.055382262066119
4.05550394541037
4.055625628754623
4.055747312098875
4.055868995443126
4.055990678787379
4.05611236213163
4.0562340454758825
4.056355728820135
4.056477412164386
4.056599095508639
4.056720778852891
4.056842462197142
4.056964145541395
4.057085828885646
4.0572075122298985
4.057329195574151
4.057450878918402
4.057572562262655
4.057694245606907
4.057815928951158
4.057937612295411
4.058059295639663
4.0581809789839145
4.058302662328167
4.058424345672418
4.058546029016671
4.058667712360923
4.058789395705174
4.058911079049427
4.059032762393679
4.0591544457379305
4.059276129082183
4.059397812426434
4.059519495770687
4.059641179114939
4.05976286245919
4.059884545803443
4.060006229147695
4.0601279124919465
4.060249595836199
4.060371279180451
4.060492962524703
4.060614645868955
4.060736329213206
4.060858012557459
4.060979695901711
4.061101379245966
4.139558535686641
4.219924837375616
4.2882756212527635
4.339012353165998
4.389093693409312
4.43902099890283
4.489729050386009
4.538134424089293
4.560627067307344
4.544629833708395
4.4893357502106355
4.4216627946883875
4.361306438898888
4.3033695720714
4.243232858498169
4.193672890091857
4.152057758574876
4.108059626314585
4.059399598217589
4.027974836809535
4.029860234557611
4.062008181928267
4.121084540079793
4.195539486276652
4.297569950393808
4.417336602168676
4.526243682127592
4.598239460084365
4.660739488415584
4.7193423046895395
4.777113243387148
4.832810522613631
4.861420614225318
4.859886823537249
4.834070423463931
4.785998268470018
4.7221346666056325
4.649326913382844
4.572223877046229
4.506528011134264
4.4436989022085855
4.372302306316283
4.291847422930929
4.22811941810632
4.19967280148063
4.20491031402082
4.241170769543303
4.306274934834877
4.39882905687154
4.508797413223696
4.603923640255373
4.670252835971969
4.733873849502695
4.798798953866258
4.866003660263611
4.932501592345951
4.972621556663694
4.982933594033603
4.972377555562846
4.93377155052865
4.877996593866843
4.814281178202454
4.746262507921765
4.689359112317951
4.635207341731295
4.572106411508778
4.499351459114156
4.442781075783275
4.420925185159844
4.43223622438152
4.476640797050028
4.552816341893532
4.653374193827457
4.766785691972396
4.861595054477101
4.927444788702084
4.990751289500452
5.0545532149206815
5.119680785216462
5.183486688324417
5.2206411917618905
5.228068910269689
5.215036428233119
5.1756290763411
5.118277423470827
5.052864740810948
4.9838374721991405
4.926578342178528
4.871876160019518
4.807303083465722
4.732640701465195
4.674112833837513
4.650499376410232
4.660271564251508
4.703271151994868
4.777934410499701
4.87746685586109
4.990510761256328
5.085285569117365
5.150719293371503
5.213079813058252
5.275675673781602
5.33971440196861
5.402652599460705
5.4390388678436885
5.445724536971245
5.431902864125799
5.391347771407921
5.333096275931372
5.267311501294398
5.197981250609381
5.140292016061051
5.085120761520709
5.020143593567414
4.945141193216742
4.8863677081814725
4.862567102016145
4.872227131961331
4.914986693265835
4.989954095629739
5.0896991162420635
5.203465363398021
5.298928146743612
5.364498539366277
5.42707738543514
5.489852749247258
5.5541088569913395
5.617220896329013
5.653671826494203
5.660273734064619
5.646342805944876
5.605803958307597
5.547399961745599
5.481105912100648
5.411131034073832
5.3523204229324115
5.296260896705295
5.230380821457278
5.1547824550872825
5.095695026436635
5.071707927844032
5.081319720792918
5.123809457599923
5.198285573492384
5.2976148282773705
5.41111237757385
5.506381689223129
5.571722080209747
5.633912442162029
5.696309043763856
5.760020546939088
5.822585089882396
5.85852949086286
5.864755226993626
5.850539003858143
5.8102837080684315
5.751960547855057
5.685450408778931
5.615254214274231
5.5563657268511495
5.500060430271564
5.433619714912236
5.357305790986978
5.297579833950274
5.273133531408522
5.282394720683146
5.324429031468242
5.398341631732428
5.497043728080897
5.6098324175686365
5.70452838334941
5.769454985772594
5.8312845699990365
5.893286152434395
5.956504334724522
6.018481389839381
6.053829619364798
6.059445683156495
6.044569574136786
6.003452983698783
5.944444561465835
5.877453507551219
5.806787428225006
5.747480602881283
5.690865182828074
5.62416488879036
5.547561353593102
5.4875755051066255
5.462906137813569
5.471959983699675
5.513820499485482
5.587541718634764
5.685971026983541
5.79838862181961
5.892532644547866
5.9568205099027125
6.017991235038254
6.079359456739153
6.141983350797478
6.203334642150753
6.238026822962893
6.242988191843872
6.227512523363797
6.185849978819436
6.126295929082175
6.058726203934535
5.987472978525779
5.92756701833298
5.870310195424824
5.802913161007138
5.725585157630443
5.6649125312885955
5.639585336053744
5.647995648774884
5.68928733710906
5.762483539460496
5.860361972184261
5.972177424898601
6.065673146756842
6.12929991663903
6.189797697546178
6.2504711243153315
6.312382505748843
6.372994140405851
6.4069362280277815
6.411150278536769
6.394956947868118
6.352552010858464
6.292247018207704
6.223930806035459
6.151952813081319
6.091319465879875
6.033316347819848
5.965132193378155
5.887011446004136
5.82557941310677
5.799516450966658
5.8072115065526875
5.8477879390746486
5.920260480192847
6.017418450353436
6.128500927285654
6.22122485008387
6.284069107023423
6.343767979986422
6.403652676805262
6.4647864678850695
6.524598213481573
6.557720893609657
6.561134178674074
6.5441664864671525
6.5009788810391305
6.439884134629866
6.370790440354377
6.298061838375373
6.236650682947771
6.1778422386467025
6.108873681117249
6.029996126049027
5.967845580618827
5.941083711900274
5.948098884853523
5.988050114484404
6.059760574511566
6.156249041056944
6.266663069780893
6.358688211149235
6.420831733916773
6.4798419165059675
6.53899764447319
6.599370799115668
6.6584170397229245
6.690833558773614
6.693585440525249
6.676004058072569
6.631830011829673
6.569827701922393
6.50004556486738
6.42679084858639
6.364975936109473
6.305785669480659
6.236507108055827
6.157354338522872
6.094966097641739
6.067954649578138
6.074700203018845
6.1146874271995975
6.186151000379698
6.282643311175431
6.392869049535814
6.484473370398841
6.546077680716451
6.604417496039875
6.6629503954539
6.722775445690957
6.781332242455167
6.813314051913932
6.8156757757095585
6.79779500645489
6.753580135191827
6.691561993450333
6.6218640368553
6.5486750800599705
6.486965884882621
6.427652151583931
6.358229878911688
6.279080491053956
6.2167849883323285
6.18975834787229
6.196364545678251
6.236011148057603
6.307054181209009
6.403216649178898
6.513210352354398
6.604513185775584
6.6656673628302014
6.723485997172193
6.781501337003326
6.840837565077831
6.898891443972869
6.930349122366411
6.932149347176815
6.913711620428002
6.868955080146972
6.806394513134879
6.736167543457527
6.6624919428653255
6.6003980876237645
6.540665976081298
6.470933306358419
6.3916883477363795
6.329416348331927
6.302329720743073
6.308748447571386
6.3481434218405415
6.418912136647061
6.514853073376684
6.624671869974924
6.715770177785194
6.77666615860244
6.8342451764598815
6.892056902416885
6.951215386437716
7.009058155562718
7.040254500378662
7.041748698440884
7.023034090395359
6.978035901634379
6.915228616874543
6.844743230301449
6.770830500148745
6.708560717288007
6.648607667284248
6.578741967965366
6.499557601824009
6.4374377340244555
6.410390004008999
6.416735087231535
6.455976747952367
6.526553052051929
6.62233901285177
6.732023521393651
6.822948680592797
6.883637719276265
6.940996792503404
6.998590855246633
7.0575311276975095
7.115128278112181
7.14606162529693
7.147281505933915
7.128330906331266
7.083129524739741
7.020112785528028
6.949406713059349
6.875291519163456
6.812691597223491
6.751303743121562
6.68065895953061
6.600962549301019
6.538428535968646
6.511171604878077
6.51751392613554
6.557007702642737
6.627955659280986
6.724224943860016
6.834423939838094
6.9258826721842
6.987160592254464
7.045225555134287
7.10347941058575
7.163032564924707
7.2213050417187645
7.252988427723892
7.255008353128151
7.236641654051793
7.1918184435397485
7.129071981204902
7.058574024158196
6.9846261533333855
6.922137736232812
6.860787241251255
6.7901286285508915
6.710282820641282
6.647445683579058
6.61984153510716
6.625803330403024
6.6649120913606215
6.735454628670738
6.831257239393798
6.940949928227752
7.031875973777483
7.092633770822532
7.150181814870387
7.207964730719817
7.267151216445567
7.325142925880702
7.356599016969989
7.358437885316088
7.339876606400452
7.294867871155916
7.23194465283075
7.161328340097642
7.087323505225432
7.024715696889804
6.9632126094495845
6.892429082960647
6.812500541790316
6.74960634604741
6.721954070979531
6.72788428034041
6.766992753413853
6.837648627907364
6.933513691209156
7.043149691991186
7.133935955025001
7.194566228594695
7.251941310974743
7.309599040483479
7.368726654388647
7.426644989407991
7.4580335070479356
7.459826693682635
7.4412607173400716
7.396291437522575
7.333439452263907
7.262952872747814
7.189098840236373
7.126623137655968
7.065209895370479
7.079645770266318
7.094081645162155
7.108517520057992
7.1229533949538295
7.137389269849667
7.151825144745504
7.166261019641341
7.180696894537179
7.195132769433016
7.209568644328853
7.224004519224691
7.238440394120527
7.252876269016365
7.267312143912202
7.281748018808039
7.296183893703876
7.310619768599714
7.325055643495551
7.339491518391388
7.3539273932872256
7.368363268183063
7.3827991430789
7.3972350179747375
7.411670892870575
7.426106767766411
7.440542642662249
7.454978517558086
7.469414392453923
7.48385026734976
7.498286142245598
7.512722017141435
7.527157892037272
7.54159376693311
7.556029641828947
7.570465516724784
7.584901391620622
7.599337266516459
7.613773141412295
7.6282090163081335
7.64264489120397
7.657080766099808
7.671516640995645
7.685952515891482
7.700388390787319
7.7148242656831565
7.729260140578994
7.743696015474831
7.758131890370668
7.772567765266506
7.787003640162343
7.80143951505818
7.815875389954018
7.830311264849854
7.844747139745692
7.859183014641529
7.873618889537366
7.888054764433203
7.902490639329041
7.916926514224878
7.931362389120715
7.9457982640165525
7.96023413891239
7.974670013808227
7.989105888704064
8.003541763599902
8.017977638495738
8.032413513391576
8.046849388287413
8.061285263183251
8.075721138079087
8.090157012974924
8.104592887870762
8.1190287627666
8.133464637662437
8.147900512558273
