-5.02211895856505
-5.02681669514666
-3.17156885634296
0.0813309015984836
3.79607629586594
6.90781000748309
7.83557543384713
7.82440093114906
8.03056509999653
9.40672096269625
12.8282346673659
14.3517436660917
13.5933247495619
13.0337554513565
12.4496396536789
8.9221575985936
3.6423144714423
0.0144264689787234
-1.14879153292619
-0.990184668112626
-0.944982598718463
-1.37140547645216
-2.41200884868147
-3.96266048525399
-8.34814745351459
-10.7443990072719
-9.06409354921964
-2.88974612760905
2.19251814533544
5.84385645516188
6.98230789241812
6.93094652463752
7.30218166505049
7.39668683710171
8.53870859199369
11.5533204270046
14.2849699662317
15.4438131037332
15.1778458400389
11.5177014510131
7.00200586189894
4.31662905316537
3.8293612622317
4.09132062750847
3.8514062082779
2.91168226018748
1.2510395066532
-2.33852838168449
-6.70461458701959
-9.05110674402483
-6.76924323438649
-1.82522492799332
2.22714544013226
5.0940108931891
5.76739420761286
5.50970990127177
5.77425140464809
5.82246859992121
6.4551522146552
10.3486817345254
13.2897381903396
14.2973177947468
14.0326528579274
10.4045587357107
5.89675598367877
3.27169771753305
2.88072122469523
3.23130849699746
3.07850563716215
2.21870825545121
0.250240806318038
-3.77912049169924
-7.68235837498341
-9.34141058994874
-6.49210801394125
-1.52385308346791
2.51047920412085
5.50144401659779
6.31740908170405
6.147816980362
6.44930163280569
6.48622814762339
7.06226566656144
10.7054891379155
13.764170491869
14.7891466215952
14.4192267219881
10.6923126471052
6.21286347532022
3.7253377101
3.40037879906909
3.7640016058103
3.58237602128554
2.68979780726303
0.699553981361482
-3.31708300087262
-7.29437692594337
-9.05357165384235
-6.25432463353966
-1.22832094486457
2.88973131161892
5.9214649005164
6.71768627111591
6.51024998646285
6.7935646044942
6.8272187692328
7.41319040898885
11.112899472023
14.1344777765751
15.0787337479476
14.6970573416937
10.9795900927334
6.52222951477714
4.00997722866548
3.67341417978458
4.0272756474042
3.83775173362105
2.92922649168805
0.962471461302205
-3.1369651525174
-7.10434503704594
-8.95027702069397
-6.15155616388731
-1.04506638377291
3.12002214042028
6.14576809368618
6.90065528578496
6.67274972466127
6.95463323445358
6.99535845942983
7.58471256363571
11.2772341925203
14.3305978053729
15.3295282958251
14.9692557039935
11.2696720602223
6.80881746262449
4.26046549345179
3.90485682862956
4.25138694245493
4.0611132508354
3.14579923126471
1.1989486438378
-2.88939639888696
-6.88182707890515
-8.75765419101025
-5.97573948702024
-0.876351885285787
3.2741168042593
6.29327218076648
7.05348368609365
6.82491166397692
7.10849485988891
7.14939950910601
7.7425774204973
11.3583586726061
14.4468331370041
15.4924912078072
15.1336123603453
11.426954225922
6.99113868925503
4.47882805920413
4.13312738223229
4.47951502534735
4.28528856040613
3.36899590412087
1.43860236924063
-2.64157038762209
-6.62929150232519
-8.49645577557217
-5.73532364072911
-0.66028753875875
3.48293457651642
6.50852123219902
7.28003639047215
7.05845262817577
7.34036541073325
7.38087552457661
7.98161634386362
11.6300224233494
14.6928817125295
15.7057196357566
15.3412356878362
11.6223054984157
7.16508444320312
4.64043218092296
4.29442502292377
4.64156608470919
4.44984236709213
3.53528735321001
1.59762569830617
-2.4851895858782
-6.46425692657241
-8.31932612895671
-5.53160810100754
-0.444032902201407
3.7025466537565
6.72636829054781
7.49220057734312
7.27105784051659
7.55411506515091
7.59481704739679
8.19048362521274
11.8339184832717
14.8977016520869
15.9153048736138
15.5508976457048
11.8323660166275
7.37958624277693
4.86119040557124
4.51917497436198
4.86771973440657
4.67629002942404
3.76183364554315
1.81214599953517
-2.28016137490661
-6.25654274606695
-8.10527658689241
-5.31081938596605
-0.221733846975833
3.92667517792469
6.95533127926267
7.72338677966958
7.50187726703938
7.78372562993718
7.82410572426896
8.41945678450434
12.0697608246744
15.1355347550526
16.151672196367
15.7825083496632
12.0596316518642
7.60781364230064
5.0943608790397
4.75497900222074
5.10407090845756
4.91183153995364
3.99610916160536
2.04618401399267
-2.04716603069069
-6.02519684952287
-7.87364088301052
-5.07370640597
0.0167439497659319
4.16539817129594
7.19249173060892
7.95706903335725
7.73502232362616
8.01605806083888
8.05667135347682
8.65217141751003
12.3061697843186
15.3734398697421
16.387534227354
16.0139178077688
12.287891130325
7.83675480749378
5.32611780932628
4.98908047162404
5.33850195961594
5.14523277776456
4.22818948825569
2.26851567593581
-1.80862992081462
-5.80157513228175
-7.651948273167
-4.84752059292126
0.243860202656409
4.38789101341151
7.41916521828187
8.18311260443205
7.95715307541522
8.22842629985569
8.2633241212968
8.85606290224959
12.5694278968188
15.6248480293155
16.6033275551415
16.2026676646499
12.4587236893971
7.99224650256274
5.48114241755443
5.15586819929143
5.51159432451116
5.31912679943732
4.40304912194458
2.38926977786729
-1.65617099766967
-5.68742586899878
-7.51049649323958
-4.67081478379329
0.439061363352428
4.59717996654684
7.61489890169506
8.35649710087462
8.1168903936284
8.38047575275763
8.40992657202156
8.99004715369295
12.6648614590541
15.715159022642
16.6739206655542
16.2721576484163
12.5360994079391
8.08948566485151
5.59592772703933
5.2798090083599
5.64003594478426
5.4494602073122
4.53398699013589
2.53479262503623
-1.51096109426241
-5.55371996005388
-7.39027513048219
-4.53910448719445
0.593896876601403
4.76743548458881
7.78578329779026
8.51923225227002
8.27472504629368
8.53463633707664
8.56376719216753
9.14362942714163
12.8192017947099
15.8707601799379
16.8259819162813
16.4169879505194
12.677948069071
8.22890115712295
5.73532388188796
5.42141726721059
5.78260995535447
5.59007049464995
4.67065770957697
2.66697487151449
-1.38384398483151
-5.43131221877194
-7.27270879186243
-4.41629703674861
0.724767905840457
4.90241808201213
7.91856358196293
8.64671450566359
8.39856863409284
8.65573069128961
8.68413933095922
9.26343476638026
12.939326149223
15.9929697673842
16.9484085801497
16.5351028348613
12.7926343677844
8.34398374842444
5.85365768472142
5.54287425707332
5.90504014176032
5.71227637632006
4.79166060898302
2.7865660275144
-1.26619401635426
-5.31576179149929
-7.15735353551946
-4.29384684321214
0.851883548961642
5.03179086643532
8.04719093799565
8.77246518016021
8.52310059522158
8.77885677297279
8.80703461462871
9.38590840523422
13.0618400949039
16.1170187214049
17.0720053761298
16.6542341002473
12.908980860849
8.46042735112617
5.97426385353837
5.66661533621656
6.02948086478728
5.83592415835842
4.91383141358813
2.90399622444548
-1.15065718476282
-5.20144644165632
-7.04125385125568
-4.17216605904508
0.97632425679695
5.15806255509554
8.17322532480878
8.89618767815766
8.64565664472586
8.89981313375428
8.92760593656095
9.50622674763818
13.1799279887089
16.2350809502538
17.1882714864082
16.7665959086982
13.0175827601791
8.57207739820444
6.09004989426447
5.7848413646877
6.14813316194325
5.95438639175502
5.03189890893899
3.014806660757
-1.04332028196728
-5.08813437762181
-6.92143034367686
-4.04623040034453
1.10419060126289
5.28748060419668
8.30115135019885
9.01964954328612
8.76818331607091
9.02057006414923
9.04827575369858
9.62753214055415
13.2984285843804
16.3516801413321
17.2994589554464
16.8731354071108
13.1233206765097
8.67885826579386
6.20127415189484
5.89914691414158
6.26249923331675
6.06622485983413
5.14120550622029
3.12467190538243
-0.945483758387582
-4.97992035759553
-6.79620000018451
-3.90903004854032
1.24039814183388
5.42162769149113
8.42734062916082
9.13482855252579
8.8829130611568
9.13358999917764
9.1614376665242
9.74131222131188
13.4064920803838
16.4533667132126
17.3900796866703
16.9589667050242
13.2097289810311
8.76654686516122
6.29005099623831
5.98841589833101
6.35041961967633
6.14952921970453
5.22062517232125
3.21801093615968
-0.866888063250554
-4.8868354464701
-6.67174855815708
-3.76658496618168
1.36843749784682
5.53152285883593
8.52142958431834
9.2165369115992
8.96681270339979
9.21877404901856
9.24762335940437
9.82817761184848
13.4980492702296
16.5460996122912
17.4790026915202
17.0408607594451
13.2847457745012
8.83560113853845
6.35953268807033
6.06096421227519
6.42411456111184
6.22170949500081
5.29197226109693
3.30177592759552
-0.790647685789476
-4.7943092462671
-6.54457148471703
-3.62046195471777
1.49998972873273
5.63988546065202
8.61561598615745
9.30223195095294
9.0557692274008
9.30992949447218
9.33954744260171
9.92006100924456
13.5968497784858
16.6481342014703
17.57964559281
17.1328267719677
13.3663787584971
8.90976323835458
6.43752895150629
6.14459964631453
6.5090697686489
6.30511520761263
5.37428058180316
3.38989715581282
-0.708926802143297
-4.69606291242948
-6.41396503027194
-3.47505989597156
1.6280691439861
5.74976817558545
8.71205679636024
9.39082790267935
9.147918289277
9.40500725430504
9.43585219585858
10.0159283901652
13.6930109237331
16.7438944122238
17.6724463202422
17.2202703078366
13.4497921978703
8.99123659081349
6.5243678652341
6.23643147458366
6.60149110043599
6.39538843335988
5.4628398219675
3.45639264791331
-0.809138618264776
-4.69309846869522
-6.36754260845223
-3.41315514840006
1.72012756368205
5.87152192346541
8.86755647703234
9.56248426761218
9.33521552977733
9.59879454143424
9.63810252521668
10.2292901874068
13.9258719499489
16.9695574979798
17.8887139833405
17.4448006406281
13.6840044205284
9.23261467260461
6.73285518710802
6.41162320138995
6.76036513769179
6.54307997235594
5.60046741415182
3.58183177799239
-0.691847344010734
-4.57940062349041
-6.27187562966346
-3.34027453445211
1.78615997249839
5.93212999861412
8.92022956535442
9.60860285186003
9.37805984156031
9.64216567025053
9.68360247766481
10.2786179550653
13.9772352554221
17.0263716434632
17.9568088878744
17.5249314407762
13.7704398186315
9.32594487395941
6.82477902429369
6.50210956245533
6.85027417423151
6.63639573274761
5.69840534140695
3.6695416178298
-0.608107937679518
-4.48703834793452
-6.17006280257825
-3.23452432386176
1.89073132458409
6.03666711971334
9.03005133947169
9.72355329013303
9.49570420097502
9.75883611790196
9.7996956695657
10.3955694508573
14.085265130879
17.1336577849797
18.0630982522062
17.6285816490778
13.8732561628089
9.43220884836433
6.9378497935844
6.61613082794199
6.96271693915369
6.74660617974024
5.80700779579735
3.77589789138952
-0.506852719947865