6.836214629447402
6.981516407085542
7.126818184723684
7.272119962361824
7.4174217399999645
7.562723517638105
7.708025295276246
7.853327072914387
7.998628850552527
8.143930628190668
8.289232405828809
8.43453418346695
8.57983596110509
8.72513773874323
8.87043951638137
9.015741294019513
9.161043071657653
9.306344849295794
9.451646626933934
9.596948404572075
9.742250182210215
9.887551959848356
10.032853737486498
10.178155515124638
10.323457292762779
10.46875907040092
10.61406084803906
10.7593626256772
10.90466440331534
11.049966180953483
11.195267958591621
11.340569736229764
11.485871513867904
11.631173291506045
11.776475069144187
11.921776846782326
12.067078624420468
12.212380402058606
12.357682179696749
12.502983957334889
12.64828573497303
12.793587512611172
12.93888929024931
13.084191067887453
13.229492845525591
13.374794623163734
13.520096400801874
13.665398178440014
13.810699956078157
13.956001733716295
14.101303511354438
14.246605288992576
14.391907066630719
14.537208844268859
14.682510621907
14.82781239954514
14.97311417718328
15.118415954821423
15.263717732459561
15.409019510097703
15.554321287735842
15.699623065373984
15.844924843012127
15.990226620650265
16.135528398288407
16.280830175926546
16.42613195356469
16.571433731202827
16.71673550884097
16.86203728647911
17.00733906411725
17.152640841755392
17.29794261939353
17.443244397031673
17.588546174669812
17.73384795230795
17.930853549929424
18.16053041429274
18.396192346231256
18.6110433806619
18.809761950073508
19.01407571148083
19.224467121767095
19.445049021795025
19.651735073547485
19.832463985048676
19.966917557567175
20.069987532009158
20.180195422195904
20.296656702291138
20.41851519459413
20.55472691721633
20.693534865576364
20.794753523742784
20.877768475156422
20.95741518958344
21.058733119969762
21.19131050321052
21.374582273581357
21.643589480683254
21.957390079419966
22.296184330315462
22.635816744621117
22.935330206334196
23.19526134639356
23.435886707046752
23.660240191086796
23.86971718737322
24.039172302129366
24.16263005464308
24.249944242375975
24.320941387382305
24.36987034227001
24.388294998879676
24.380070435098403
24.367074136104833
24.320515783966233
24.2559169031384
24.169306870454783
24.073765397436407
23.99269068308056
23.933992523620887
23.905411647033038
23.938193327298027
24.031175680691685
24.156005813462297
24.278165551752913
24.371270564099554
24.446554097359748
24.528481254779006
24.612714424672387
24.70353457428366
24.77971303163424
24.825190038638038
24.8446218234567
24.846876462325277
24.819763311637246
24.76996911245053
24.708647323932322
24.66692519058087
24.63170735659892
24.58982731626346
24.547862430866285
24.508669139517504
24.49706151056122
24.526883237136254
24.606738928253947
24.757237929941844
24.98622618884645
25.25819949451041
25.54181934840112
25.806596219457173
26.04826228234075
26.275809282193542
26.49324132496477
26.702471842538113
26.879651543992537
27.018975916509568
27.129041965094213
27.228274235725898
27.29917850841501
27.347699327715002
27.3844347691815
27.429089923283627
27.459690866515366
27.475266562467773
27.46883148835189
27.45469074133809
27.461152039592125
27.502636774265884
27.586737538159646
27.735200609633544
27.95282111826142
28.21036777228403
28.475735227511507
28.721509468670888
28.952969481284537
29.19297642141691
29.429021054633136
29.66039402670457
29.86314460665759
30.02845198353442
30.16502160595464
30.277088389911068
30.35735075047737
30.408411206558466
30.437010304710206
30.47286432267624
30.523614790077364
30.541565258255304
30.5391814783733
30.524987052534158
30.53108363208056
30.571654228502897
30.656358586315825
30.79911145414912
31.02061281615656
31.275916916223093
31.538430721072434
31.777419533573816
31.981895553647878
32.16478403322083
32.34464913511794
32.522646914840585
32.66937404866836
32.772131544824546
32.84334498366217
32.902504034424936
32.94468875373635
32.96890508073944
32.983054590317444
33.006716003153905
33.01189742853067
33.01151894149678
32.99985023737535
32.99477880315009
33.01456642261658
33.0732858114761
33.190074524184475
33.4033134086146
33.672202482977205
33.971857445163955
34.26790640068937
34.53566562937085
34.78271771980243
35.03152527929126
35.28192409444908
35.53779430840004
35.773435449156906
35.97443006808657
36.14691313971713
36.29425245600655
36.40776801544482
36.49708152151207
36.56910489160665
36.64967174867895
36.735005913146445
36.792582472011894
36.82983720778949
36.85555103499773
36.90129342316111
36.98318863234188
37.111945466545485
37.30057427393087
37.568863823212766
37.87130278851614
38.177568492901436
38.45830745475977
38.711194001058
38.95268762951369
39.18432148104619
39.40640574414503
39.593445678815904
39.74260355131842
39.86392996915294
39.969020789820284
40.04935249819366
40.10953480704107
40.156655670081975
40.21509188991567
40.26150646267548
40.2866135192164
40.2830155205221
40.26965118260849
40.275076390424374
40.31727319399197
40.413802042394956
40.60331896391991
40.84998758776585
41.131807134217254
41.417694842518685
41.68091205717183
41.933578015250205
42.18735466484037
42.44399478622516
42.70454406844655
42.94211236836227
43.14516799639763
43.32304791952124
43.476599595681854
43.592649971820926
43.68336533930654
43.756785558315364
43.83714475245286
43.926478810081704
43.99077829416008
44.04133363792236
44.08577869241829
44.15153777033222
44.24651361044543
44.37474186276515
44.57028516000607
44.82649939728286
45.10580778315965
45.38468221778403
45.634475286123426
45.854764974636495
46.0637486194698
46.263301935816756
46.4566855239626
46.62032509425283
46.746906474061525
46.846681940089006
46.92874020098822
46.99135136100206
47.03730075553613
47.075930137836856
47.13142871416235
47.17184977177313
47.19425057703965
47.191759616895496
47.18183171144158
47.19320128349438
47.239594344261995
47.33965660340196
47.52605071596298
47.777053174342434
48.06873449401487
48.369590853116506
48.65093325604141
48.904609463266134
49.14687058122914
49.39351174803909
49.644797716896676
49.870921602304506
50.05596693793032
50.20947353679822
50.3342694656633
50.41673208226074
50.47578179308846
50.5218361325621
50.577728010680204
50.62118327434849
50.64239460966181
50.64094333807069
50.636410613747124
50.6533646953587
50.699324822602854
50.781432441108336
50.912984438204624
51.12323320740054
51.37169866180009
51.63040349294258
51.864584613488674
52.06850479074568
52.25956968015024
52.44875326528249
52.64195498007408
52.817492667368626
52.959005046340295
53.07418465066194
53.1768226241975
53.26467792946877
53.329401806337394
53.38316923931444
53.46058275619821
53.531501213559864
53.59160748317224
53.636815171772724
53.68474765726122
53.7630347047805
53.8788712087526
54.048213624398066
54.309602728566624
54.627996523244406
54.97920125698737
55.32710533063371
55.64615396320655
55.93965301451081
56.229335104687216
56.52312113912828
56.82401568933819
57.10373458255334
57.34871592816727
57.56601255215923
57.75998684133177
57.921899048711964
58.059755299521754
58.17930063783729
58.30561337179255
58.41892166470879
58.51388105726375
58.58949740803865
58.658957301470096
58.74894736277562
58.87124043816035
59.03549265207996
59.25898934290793
59.556460761302674
59.891535945427194
60.232677030357344
60.54924411226259
60.83464671492749
61.11262618977372
61.38330327827396
61.64694664885782
61.877443991761226
62.06534347073062
62.2224293417509
62.358409383082986
62.46440190911765
62.54400658645799
62.607173231527
62.68046126441369
62.73662026994412
62.76992484428874
62.77165215172392
62.76096337226682
62.76815123584734
62.80924265983105
62.896881771116405
63.062064261252374
63.29517549234513
63.573077196525595
63.86253889388612
64.13491205596372
64.39203466279922
64.6524330573132
64.92286667524148
65.20782137479053
65.48155078177756
65.72468157897005
65.94141540064005
66.12788859636467
66.28537414856103
66.42378159496118
66.5542277688815
66.70534214758416
66.85559325347181
66.98638959312194
67.10170580145326
67.21551586745923
67.35698353388699
67.5303900561539
67.73953867225201
67.99945421595345
68.33015525660417
68.69476547055775
69.06527158359158
69.40814800830269
69.7181201903348
70.01500882556178
70.30740231460433
70.59925652982538
70.86409184256462
71.09055765688697
71.28749677774526
71.46265974360598
71.61308160827552
71.74069704683059
71.85165950528364
71.96963055934087
72.07362407276527
72.15902233589748
72.22341781922076
72.28045407715187
72.35668611698917
72.46226955667831
72.60862155437115
72.835327691748
73.12677055800943
73.4586133841647
73.79764858970364
74.11381697247671
74.40724224071539
74.69209525367678
74.96932571155843
75.23985958802588
75.48067036411149
75.68000346085542
75.84730082048557
75.9989261673004
76.12852362879545
76.2297175869841
76.31045348941018
76.40033620657971
76.4815271842446
76.54656746170585
76.59286054482484
76.63233279172135
76.68948297565949
76.77632246925583
76.90573351520382
77.1113575682633
77.3846228131807
77.6980607154001
78.01408185845865
78.30583596942412
78.57848790678422
78.85212678092329
79.13077935895829
79.41735819996698
79.68391015475979
79.91077474503177
80.1068492671025
80.2839705767359
80.43620320432757
80.55946373489994
80.65940030410843
80.76220593955908
80.86686933825804
80.95572769971541
81.03604094855852
81.11067927042683
81.20041491160589
81.31786536940126
81.47146811030963
81.70721209678096
82.00669677731217
82.34100005102955
82.67167967574616
82.966972239967
83.23191981652693
83.48635679786588
83.73048976867013
83.9629598661444
84.15745924667188
84.30726332257082
84.42399868932252
84.52094204434725
84.58697919357424
84.61832770250594
84.61860792191429
84.6065419483765
84.57081297583943
84.7146886898978
84.85856440395621
85.00244011801462
85.14631583207303
85.29019154613144
85.43406726018986
85.57794297424827
85.72181868830668
85.8656944023651
86.0095701164235
86.15344583048191
86.29732154454032
86.44119725859875
86.58507297265716
86.72894868671557
86.87282440077398
87.01670011483239
87.1605758288908
87.30445154294921
87.44832725700763
87.59220297106604
87.73607868512445
87.87995439918286
88.02383011324127
88.16770582729968
88.3115815413581
88.45545725541652
88.59933296947493
88.74320868353334
88.88708439759175
89.03096011165016
89.17483582570857
89.31871153976698
89.4625872538254
89.60646296788381
89.75033868194222
89.89421439600063
90.03809011005904
90.18196582411746
90.32584153817587
90.46971725223429
90.6135929662927
90.75746868035111
90.90134439440952
91.04522010846793
91.18909582252634
91.33297153658475
91.47684725064317
91.62072296470159
91.76459867876
91.9084743928184
92.05235010687682
92.19622582093523
92.34010153499364
92.48397724905206
92.62785296311047
92.77172867716888
92.91560439122729
93.0594801052857
93.20335581934411
93.34723153340252
93.49110724746095
93.63498296151936
93.77885867557777
93.92273438963618
94.06661010369459
94.210485817753
94.3543615318114
94.49823724586983
94.64211295992824
94.78598867398665
94.92986438804506
95.07374010210347
95.21761581616188
95.36149153022029
