6.5923374508032495
6.7237992742768515
6.855261097750453
6.986722921224055
7.118184744697656
7.249646568171258
7.381108391644859
7.512570215118461
7.644032038592062
7.775493862065664
7.906955685539266
8.038417509012868
8.169879332486468
8.30134115596007
8.432802979433673
8.564264802907275
8.695726626380875
8.827188449854477
8.958650273328079
9.09011209680168
9.221573920275283
9.353035743748883
9.484497567222485
9.615959390696087
9.74742121416969
9.878883037643291
10.010344861116891
10.141806684590494
10.273268508064096
10.404730331537698
10.5361921550113
10.6676539784849
10.799115801958502
10.930577625432104
11.062039448905704
11.193501272379308
11.324963095852908
11.45642491932651
11.587886742800112
11.719348566273712
11.850810389747314
11.982272213220917
12.113734036694519
12.24519586016812
12.37665768364172
12.508119507115323
12.639581330588925
12.771043154062525
12.902504977536129
13.03396680100973
13.165428624483331
13.296890447956933
13.428352271430533
13.559814094904137
13.691275918377737
13.82273774185134
13.954199565324942
14.085661388798542
14.217123212272146
14.348585035745746
14.480046859219348
14.61150868269295
14.74297050616655
14.874432329640152
15.005894153113754
15.137355976587356
15.268817800060958
15.400279623534558
15.53174144700816
15.663203270481763
15.794665093955365
15.926126917428965
16.057588740902567
16.189050564376167
16.32051238784977
16.45197421132338
16.686107472934413
16.95519220184292
17.227227963227513
17.482823615028313
17.7327238104976
17.968466015932346
18.194736960707413
18.406476031775192
18.586292624994325
18.731719973364665
18.828850493337583
18.894014509235866
18.95830137214295
19.02232597499769
19.08904587124103
19.161492265100378
19.20558085274961
19.241322578572824
19.268773966664007
19.30156247600523
19.35568254013452
19.433971958530154
19.58299693276151
19.803046992464456
20.053513566425888
20.315386967232243
20.559602807404964
20.772827393178805
20.969556583604845
21.146343344071983
21.307957223111387
21.45080387744827
21.555616893316806
21.62076648111558
21.657012139585177
21.66227858561318
21.651531003240322
21.62888233739685
21.60732929917153
21.599994207726397
21.579649171112496
21.5540130718422
21.516735422545416
21.483952099001787
21.471025895815387
21.49124182623948
21.5601948482968
21.716833512732027
21.92442656080695
22.160626092486357
22.392489468608076
22.598327108908396
22.79778993794226
22.981020935782926
23.1530337676449
23.308804337509883
23.428581318255524
23.510348601014933
23.564992097603906
23.586914407290084
23.58995114861953
23.579912995219576
23.57010048586227
23.576520409842075
23.56022265675212
23.536603793799024
23.500441006643143
23.46984787475423
23.464094901492118
23.49138469293994
23.564993766937338
23.718757344336385
23.9245074714523
24.158933632175472
24.38955686025557
24.593395461251294
24.788767581467752
24.971585928652264
25.14510070907936
25.30395221574478
25.425945283365824
25.50912341783705
25.565396362749397
25.58769679509705
25.589580089727512
25.579821506128
25.567121434344063
25.570873657512518
25.554918343279738
25.524073404210682
25.47935722543192
25.44314165741695
25.430967198548522
25.44856715845635
25.510901913320055
25.65195860232438
25.841992161645646
26.05896905569334
26.271487111422758
26.456221428637832
26.63205961863701
26.79382946116736
26.945725704206993
27.0828685060424
27.183248227152806
27.24531029783652
27.278750070487092
27.276607407352635
27.25680758681035
27.22666053167573
27.19770714751619
27.187335928497507
27.160771583705092
27.124655401774035
27.077433500072658
27.038611460637906
27.025082193244508
27.045634801177197
27.11651113361791
27.272647400382997
27.48005905729302
27.715225437993006
27.947716748231905
28.15977195651954
28.363116991987606
28.55229846661889
28.731772547446102
28.895615126104822
29.023323069873342
29.113930437890843
29.168769689438268
29.190627153573132
29.194527874903276
29.18650512719897
29.178550585501643
29.184207943700663
29.169631739958206
29.149944709261966
29.119938077225413
29.09603518469328
29.09555453341847
29.127572163876515
29.2075185212111
29.370799530609645
29.582042183260928
29.8187839489925
30.050936353558534
30.262596286487057
30.464195023271685
30.646796149021423
30.815657707607585
30.966129428115167
31.080494513850518
31.158312237482637
31.20283596074059
31.21639361885732
31.213507246024765
31.19875404777293
31.185172999449232
31.185093074754747
31.163621188873087
31.13697398287929
31.0986500042122
31.066520010276214
31.059253911371144
31.08637795241194
31.163770188250272
31.32762696557298
31.541834178362077
31.78236095575081
32.0200796384845
32.23717165462451
32.446608652648614
32.641828306111016
32.82664707046975
32.99446140549802
33.12595421095477
33.22080972024141
33.28166094980198
33.31061551806009
33.32060770716363
33.31737661696982
33.31346765508848
33.323293183104624
33.314434943304754
33.300679048255205
33.27559398675774
33.25555801175695
33.258286952097095
33.292400513498066
33.372035722652356
33.52638720088358
33.72868134443117
33.95833692273672
34.18591373411736
34.391502631789
34.587564785449146
34.76851971976739
34.939217647377255
35.09438865535071
35.21410370826834
35.29666319662113
35.34990643450558
35.3667599973437
35.36452680381552
35.349397602603304
35.33416510615867
35.3332499471508
35.31397907196058
35.288514533069666
35.25304337102846
35.22320637628867
35.21671020893639
35.242728791479045
35.31476554710827
35.4741961103482
35.68576751749767
35.92717250421505
36.165542867401754
36.37970220313488
36.58610842907601
36.77980834599499
36.96501112126474
37.13627678140718
37.272282668338214
37.3705654653145
37.442049023098186
37.48122438307189
37.49981913958497
37.50559217662725
37.50969166226601
37.52790085298587
37.52443871516822
37.51229984488289
37.48948507859712
37.47418606626415
37.477681314129576
37.51132735436969
37.58739155347919
37.74708236420291
37.966046806109766
38.2159983171048
38.45879293284993
38.67303740864209
38.879847366059835
39.072963032410776
39.25651026713322
39.42606046002355
39.55989167035602
39.6557851278666
39.72529424888376
39.7610403977958
39.7767937473516
39.777654770233966
39.77695228069952
39.79432647737995
39.795784294635624
39.78704055443335
39.766011619249916
39.75211998183093
39.761415651754206
39.80307729639991
39.88886436278669
40.05642616231148
40.28027074056087
40.533350821426
40.781610521424746
41.003345760811904
41.21856646346249
41.4210837627364
41.61476196556089
41.79418385170657
41.93699593635252
42.042197229295155
42.11579655101281
42.15714055717138
42.17881183282608
42.18743340946037
42.1956750086281
42.21816770308863
42.21976879551293
42.214502422484856
42.197948191788235
42.18889079642273
42.20379442122426
42.251637958343935
42.347060682381574
42.525966108988946
42.755363580670355
43.01113575377928
43.26289040752292
43.490958828488054
43.714493114464844
43.92440967753784
44.12482820382275
44.30965851642771
44.45907105799742
44.571925460841626
44.6516171517999
44.69827280590993
44.72824697301299
44.74629663427405
44.76788553409704
44.801235955381
44.809607210628705
44.80701543539167
44.788901022283035
44.77711589236286
44.79088804678296
44.837927223265645
44.93347793342988
45.114236830872805
45.3459926329337
45.6056450326876
45.862494390571214
46.09294523394188
46.30687519759564
46.51137960470143
46.71024678570264
46.899517461420686
47.05460835290222
47.17191905400031
47.259202689800844
47.31307614075862
47.34828098097586
47.37081432152877
47.39632590205298
47.44441774638615
47.47354281855935
47.488062541485014
47.489152407086735
47.50009075758503
47.5390699153769
47.61440466452756
47.74060640713219
47.951800355572736
48.21513912905653
48.50733358632227
48.7972299422949
49.06199715571967
49.31748793777892
49.560516150137
49.79321395109713
50.00826743436296
50.183906326466
50.32136675130758
50.42773683325853
50.50274252224637
50.56247129255935
50.6058133158362
50.64500336629586
50.69269371049063
50.7146151790898
50.72802078343843
50.731307906908185
50.74113398850754
50.774043370555425
50.839609113254824
50.95346151104781
51.14956950936671
51.39621582226677
51.66873366690828
51.93687283250076
52.19083432536657
52.44956319693871
52.6940667300032
52.92578853557434
53.14237557769789
53.32626099238774
53.473513527104636
53.59068521981235
53.67284135193063
53.73186237085111
53.769651022305496
53.801574873812555
53.83567420346705
53.83876724900704
53.83535091338332
53.81977026606229
53.811342013244825
53.826434350552816
53.873960147032285
53.96934344628493
54.1513046278711
54.38720454432422
54.651768469684136
54.91292749544883
55.150072887656066
55.371146877277305
55.59498796366437
55.8203720551633
56.04417334614244
56.240369372451084
56.40019901671641
56.534143861254435
56.63372047022167
56.71441972907128
56.780268202318915
56.84465457251975
56.92375687223199
56.984525238245034
57.0339470447241
57.06704683821685
57.10501489539802
57.1678874589379
57.262768463948966
57.401009046344235
57.6207903723924
57.89682875238734
58.203178264506825
58.505414113551666
58.78082360475843
59.03529237068466
59.284133816396306
59.531374865394575
59.77349688578923
59.982776350687516
60.15046189556095
60.28836978599906
60.389358013291385
60.46986672169321
60.53281317006433
60.59640244014813
60.678776617261555
60.74253676773647
60.78453159573823
60.80778823910946
60.83365191602279
60.88209598014188
60.96360988984437
61.095178996088016
61.31378901680961
61.5864752893413
61.88771855378736
62.184312654658406
62.454212304384036
62.70489892911041
62.95189501781547
63.196278489493295
63.432766810273996
63.63344368095124
63.79253213959995
63.92011860552279
64.00854283726981
64.079734046106
64.13400135589876
64.18316513269663
64.24503895761333
64.28595699628133
64.46323686377163
64.64051673126193
64.81779659875224
64.99507646624254
65.17235633373284
65.34963620122315
65.52691606871345
65.70419593620375
65.88147580369404
66.05875567118434
66.23603553867466
66.41331540616495
66.59059527365525
66.76787514114555
66.94515500863587
67.12243487612616
67.29971474361646
67.47699461110676
67.65427447859707
67.83155434608737
68.00883421357767
68.18611408106797
68.36339394855827
68.54067381604858
68.71795368353888
68.89523355102918
69.07251341851949
69.24979328600979
69.42707315350009
69.60435302099039
69.78163288848069
69.958912755971
70.1361926234613
70.3134724909516
70.4907523584419
70.6680322259322
70.8453120934225
71.0225919609128
71.1998718284031
71.37715169589342
71.55443156338372
71.73171143087401
71.90899129836431
72.08627116585461
72.26355103334492
72.44083090083522
72.61811076832552
72.79539063581582
72.97267050330612
73.14995037079643
73.32723023828673
73.50451010577703
73.68178997326734
73.85906984075764
74.03634970824794
74.21362957573824
74.39090944322854
74.56818931071885
74.74546917820915
74.92274904569945
75.10002891318976
75.27730878068004
75.45458864817036
75.63186851566066
75.80914838315095
75.98642825064127
76.16370811813157
76.34098798562187
76.51826785311216
76.69554772060246
76.87282758809278
77.05010745558307
77.22738732307337
77.40466719056369
77.58194705805398
