-9.18523863472127
-16.7136956800358
-11.3633899287714
-5.46500715417895
-0.637342929047102
1.79777784558215
2.74946249895267
3.24317533767169
3.67881273319448
3.66615647175463
5.3665754804043
8.51774040684974
10.5592231850792
10.8834523923018
9.17239212035472
7.27986031411676
4.47356186141366
3.49517805875869
2.76740440681542
2.29178583542172
1.87194864369279
2.05968225190259
2.26004179128668
-3.52323421078148
-12.2927899648126
-18.001729912092
-13.2297333426505
-7.37341782669002
-2.15620487097011
0.880022185526261
2.14910086177124
3.32063435783369
4.4779603649433
6.55304420305712
9.84879919218202
13.016174909658
15.0484432738908
13.0770275439818
9.42427093975455
6.70836226885837
5.21316812821317
4.21132553600602
3.80630748402188
3.4146578411331
3.37008296523511
3.4751883364027
1.50337600643539
-7.19950074415462
-15.1800744482801
-15.5883250567187
-10.3830676651665
-5.57970802987454
-2.62116417770149
-1.66846783941165
-0.800367800887033
-0.00435672973475332
0.194601722283458
0.159440714037586
3.82324947791797
8.46887416244055
11.1316907461673
9.28837960518123
5.37140443781962
2.07932921099201
-0.274395882244103
-1.39686335705742
-1.98758765632823
-2.46680803350417
-2.54932283794714
-2.29476720667748
-4.59893451773419
-13.5349045906003
-22.9934937947705
-24.3975801704205
-18.692136838715
-12.4640484446063
-7.4839829169744
-4.83600405067305
-3.42970512563431
-2.25404209686484
-1.44994905334456
-1.29804681401446
2.15242343467366
6.91455461245295
10.1061713094454
9.1682490923899
5.42491317724154
2.28688908549441
0.10261928302518
-0.888826634833122
-1.38983806311504
-1.72932640959069
-1.75796245717044
-1.4913353755276
-2.83690172047897
-12.1473574220651
-22.7492426860669
-26.7263165597696
-20.8657243442182
-14.5110982684787
-8.76408910638934
-5.32292309965625
-3.74291746807879
-2.47020029690701
-1.38164222324554
-1.24430763669988
0.727730526646986
5.99329941151789
10.1584217233923
11.0506521520383
7.03710155779474
3.41255566390846
0.450215600492815
-0.432947596640847
-1.07986059822992
-1.36918805203873
-1.40755895200175
-1.08707641746961
-1.82364546706145
-11.4934259076469
-23.3021116954469
-28.8368734111089
-22.8213550236914
-16.1875003733362
-9.7680619443184
-5.40179253256517
-3.47667275734047
-1.89144299898121
-0.611050476327311
-0.301098975828311
1.4327014337814
6.48053517884781
10.8282065546763
12.4558072738
7.97182451914061
3.91669479579123
0.243150260856087
-1.14327525234174
-2.08493454421785
-2.61565592765176
-2.7436653097662
-2.49997552478736
-4.00619088731498
-11.8612008204421
-21.6928495907811
-27.0131983685961
-21.8451882409419
-15.7330614517662
-9.6621580632261
-5.59582504575035
-3.77839248216395
-2.21804489137066
-0.894841606882411
-0.420138352108674
0.931359316007879
6.18264843096433
10.72227711877
12.5113218267538
8.93077709091295
5.12081295434419
2.16659127105052
1.19358112359035
0.580698076114467
0.43120692377225
0.490816114868106
0.934872872055398
-0.623431701667144
-7.97388759807219
-17.59551764222
-23.331376560512
-19.3390575852133
-13.8142827062133
-8.14187331962654
-4.63668252510085
-3.09640491866832
-1.72416365142603
-0.437174804784699
0.11288880795284
0.219763481356611
4.28254917835864
9.13547486829519
11.7453139931389
8.89034621146961
5.20160219325081
2.23343970054759
1.01135951237836
0.284913900680757
0.0964355249503651
-0.0424860960237066
0.224266958178621
0.0716776261786869
-10.5288273512667
-22.4452694544681
-28.690227354189
-22.512702414366
-15.4405544191854
-8.78307351541157
-4.01894991825407
-2.01825269718098
-0.565547509188297
0.593564822775841
0.994197684922354
2.1865353119459
6.53677218015576
10.7297605685261
13.0791684142848
9.14678485152953
4.99546595093849
1.49391393796074
-0.305434963633143
-1.51958691514195
-2.14651060195898
-2.54161621046522
-2.44934475139293
-3.12602924105984
-11.6215605168214
-22.0264731638557
-28.2668708049572
-22.8739034066821
-16.209055806723
-9.74333813404344
-5.15626014750808
-3.18713642478776
-1.589099872838
-0.356413280976173
0.0842266513188707
2.13545791419617
6.39034744553493
10.3630759435624
11.6199155553697
7.54535874594361
4.09471245706706
0.643828517476823
-0.564372084314019
-1.41137353590192
-1.87671163369407
-2.04084418982495
-1.87611868418725
-2.54857033596495
-11.4556093119119
-22.177400502697
-28.1375995209321
-22.2487961019718
-15.6866154880475
-9.49107900887478
-5.55844564200277
-3.92120649215602
-2.55005547183716
-1.4577138915656
-1.24289742742731
1.38716874126207
6.10535018958559
9.91140061253419
10.5591050812315
6.37624930033638
2.77706430005505
-0.705933504487464
-2.03241991840763
-2.9502286493001
-3.48541303260077
-3.59915965537083
-3.39318055524874
-4.36071952872337
-13.5095504229371
-24.347994238639
-29.7128723074959
-23.5469995239041
-16.8554344259749
-10.4636044688485
-6.41921965301346
-4.65270994599965
-3.2188213235835
-2.13690160525044
-1.86739354543711
1.13751518174928
5.91369515988391
9.58658600243138
9.85298718119674
5.61457547676118
2.0248107036733
-1.25236525498347
-2.54129558996911
-3.39297183319586
-3.88960048311395
-3.94404086086294
-3.7113763484871
-5.07627842980477
-14.0905218101906
-24.7442602651244
-29.1707125093442
-23.237081437946
-16.7980370503505
-10.6634746726953
-6.97756215863532
-5.29253534820533
-3.90585793245616
-2.84471560213942
-2.68451856885534
-0.915108056458368
4.53293034278784
8.90523959958987
10.0768621686091
6.15874473190728
2.40035300271546
-0.720025391971678
-1.69581884270247
-2.40988576346055
-2.68656894498439
-2.62845113689829
-2.21191625697801
-3.42285322195616
-12.1717285898334
-23.1083999235179
-28.7760211664307
-23.295541300154
-16.9147778614906
-10.5717754351675
-6.30635247358253
-4.38692182915435
-2.76667378048771
-1.46041004947344
-1.00342328140246
0.118510932230423
5.38975343488996
9.99471605665888
12.0840469415157
8.15133603436727
4.09105530953204
0.791494010116923
-0.432260522215402
-1.20474400396946
-1.52183577278799
-1.50647883395205
-1.12095599907822
-2.85005525463077
-10.180387268364
-19.9063095962703
-25.692107693132
-21.3244783063658
-15.4998662365994
-9.44478268850768
-5.36664925009693
-3.4949943357692
-1.88449541082436
-0.475414675492596
0.177694068406994
0.61765104099432
5.95161591457568
11.3529225907644
13.8462528698313
10.2492796300935
6.03442179290988
2.78402406448112
1.56819013536985
0.799591713279746
0.550265198965417
0.483663045908774
0.800524060738101
-0.860960045113392
-7.77106669782849
-17.2890467597997
-23.4102502526645
-19.7989460082142
-14.3671231734928
-8.26342442479773
-4.24931185400027
-2.50509527111178
-0.976820183567711
0.378050462360065
1.00549507739138
1.2222143773026
5.14840504786378
9.95916559945407
12.5512963780855
9.88632852943145
6.35148300253989
3.36959964778035
2.16202690151796
1.42181660586687
1.2335566588201
1.04882618257586
1.25073431191615
1.52924003645332
-4.57153875250858
-15.5354152364174
-24.4890093036143
-21.0401331091323
-13.6522618275334
-7.2571897673625
-2.95282045763854
-1.21006621894758
0.190575576391109
1.42390653605524
1.88929003066975
1.9349538756355
6.0217758394564
10.5942174530298
14.186189217055
10.5860527298976
5.21489305564953
1.157596324845
-1.46594964642268
-2.83436892079521
-3.69866917863443
-4.44234989499915
-4.60279854158435
-4.62709564357186
-10.9857636442395
-21.9972733701174
-31.4656584048416
-27.9439231970961
-20.4710818083097
-13.121170809967
-7.32958955540182
-4.22916031029079
-2.51681292738735
-1.19962601369775
-0.473112626315745
0.84593598551512
5.54064488358068
9.82365909967314
12.5604370512395
8.83221671386633
4.37796278472534
0.889735811025607
-0.92594069775874
-2.04414221048883
-2.62195468436768
-2.90245432560118
-2.74567410889576
-2.52401669772632
-9.00549017486753
-20.0864867667177
-28.9669590215142
-25.0101545244858
-17.661236447667
-10.6626141062831
-5.41587990983274
-2.99005572835773
-1.2054534330917
0.173156290864228
0.794963370838184
1.8167515038259
6.62712173068482
11.2226663928811
14.160735276329
9.68357790937426
4.75950091687152
0.941800479236369
-1.11148953946879
-2.37120844812131
-3.08095194423855
-3.48089982244539
-3.41086103528712
-4.4448611214079
-12.9257636562746
-23.406088399903
-29.8357800907132
-24.5517743271195
-17.7727959901742
-11.0496982822318
-6.01695868142025
-3.73277841534244
-2.0162622696763
-0.702317096367466
-0.191223912411647
1.31948169753428
5.84236396589571
10.0495173500336
12.1378364855918
8.167639196291
4.19287127776501
0.952758706154631
-0.360594361311672
-1.23870755505879
-1.63218424362969
-1.7768030787701
-1.50811641958276
-2.67003051828848
-9.95972713084416
-19.6225857653418
-25.6905710237458
-21.2801012363271
-15.3939177996618
-9.32302068279295
-5.27309718135751
-3.51073469478426
-1.9633053512061
-0.615488196186078
-0.0736888618167755
0.898466188495921
6.35842303114077
10.6197973674831
12.919710647526
9.4280307963692
5.44250455914403
2.34670817424877
1.15091014374658
0.428721905744831
0.207938717156794
0.184723720520362
0.570919541092127
-0.718481293375963
-7.55735112657218
-16.9673873674303
-23.0866150021083
-19.5260444808383
-14.0811274468528
-8.17742580926969
-4.32621690685866
-2.67306852692348
-1.18303228611787
0.155739997745007
0.734468038028434
0.937673177068527
5.08709374724727
9.7611318598386
12.2428866101041
9.36543235072463
5.67891129647442
2.51853411433272
1.0515087847961
0.174248896375658
-0.137386198726047
-0.375545336545824
-0.220002860022775
-0.014802616391446
-6.07359748144344
-16.9859613301571
-25.9784442307563
-22.5461073911003
-15.339310694729
-8.71513821337939
-4.09170862297056
-2.17619931525196
-0.715486939092445
0.522281087760716
0.994147159960912
1.4052285309426
5.98490708035984
11.0516893419813
14.6492733495985
10.5293620859219
5.13535318865147
1.0467697528081
-1.45510827814976
-2.78341312405687
-3.58242595802252
-4.13643400364779
-4.16720501419047
-4.27371630463056
-12.1990518390197
-23.8980999739558
-32.2710672987091
-27.5408683692543
-19.8676098284464
-12.6074682973378
-6.84659174008923
-3.7673829325154
-1.98340406323202
-0.614491657899248
0.137811270887127
1.69269508614278
6.35278286571558
10.3939002834526
12.6314452551701
9.05333597036207
5.05751533290126
1.69291837328476
0.136619610584029
-0.878778769279879
-1.33792902546468
-1.55763185754448
-1.33527378098222
-1.74983165293395
-12.2701350637115
-23.8090995574151
-28.9497825875395
-22.4491079160495
-15.4455026460488
-8.87708674520056
-4.39998680266919
-2.55360477888678
-1.00124883622311
0.140113665303346
0.523611330160558
2.70143910285259
6.98289951697685
10.7317980991165
11.7564409792128
7.74364661582455
4.28302652556355
0.702335108699576
-0.703839622575874
-1.6902261649156
-2.22447142273771
-2.40786167107419
-2.23029758009785
-3.0099448838687
-11.0157147815739