2.4157897231380243
2.3662043124340957
2.3166189017301666
2.267033491026238
2.2174480803223093
2.1678626696183807
2.1182772589144516
2.068691848210523
2.0191064375065944
1.9695210268026655
1.9199356160987369
1.870350205394808
1.8207647946908794
1.7711793839869505
1.7215939732830228
2.0078463351541673
2.541807430661839
2.918655795400923
3.1509097161685053
3.2681538153138723
3.3621794330208563
3.5063530513977126
3.690195684313211
3.811993234241734
3.8413656424155613
3.821445059506823
3.6667363315696866
3.4182609490918323
3.1647591926471974
3.097441351394524
3.1490494117752097
3.2288896333400805
3.188532168877823
2.920991331809755
2.4956843600939123
2.0777901660203564
1.7596688801283635
1.5253554158825458
1.4745074986601647
1.7167040760328378
2.1619169317361613
2.5446143724069827
2.8798875934973833
3.164165066885785
3.4223116735493737
3.6502970429622783
3.80975765298243
3.867004705972796
3.8802813362241975
3.849327299532303
3.7852733167886083
3.7054990984431915
3.71437078537898
3.848958518365268
3.9232486732739167
3.783665667293437
3.3633496262437728
2.745181335378507
2.1088315188836666
1.526346896200588
1.0176973486547325
0.7089454354020891
0.7158088819572859
0.946870068597282
1.2232430611081435
1.4696600776109026
1.7110309367923655
1.9783345245228188
2.247170404215685
2.492975818462106
2.634424703060914
2.6717113600545743
2.688659056514101
2.6898587086491204
2.7041876868740835
2.7721789739928866
2.937836148350046
3.1498649522313924
3.2769417100119114
3.187865634129597
2.8658936869298213
2.35831491897068
1.7867183859147613
1.3715330115111828
1.3416398491910009
1.7930946760316622
2.744192828885251
4.031192865822548
5.564191779964824
7.283964623234373
9.137431917397047
10.921171434353557
12.557629912446542
14.044017701876694
15.37356280400316
16.726416584506637
18.284931580293833
20.10243020034419
22.116310578327624
24.28009706643167
26.443883554535706
28.607670042639743
30.77145653074378
32.93524301884783
35.099029506951865
37.2628159950559
39.42660248315994
41.59038897126398
43.754175459368014
45.91796194747205
48.08174843557609
50.24553492368014
52.40932141178418
