-8.56804641601722
-16.0079291407003
-11.3062697013101
-6.25513380045311
-2.24842168751262
0.625116035655744
1.95940378425228
2.64390621887073
2.89268874892598
2.59863985029365
3.74623859260305
8.33446912986668
11.7783266484101
13.3115622489781
12.8870112315213
11.9280818112144
10.1013967013355
9.98907561550353
9.69414990665915
9.52212706397185
9.4632089620462
9.52761455882418
9.52598967037998
4.02660687950115
-3.13577304709192
-8.83104685082877
-6.68411420312149
-3.09750105003254
0.873646724825983
3.57816115755909
4.73158138967839
5.47900243394005
5.7245441167312
5.91107808597265
8.19890986729988
12.6696045905201
16.2667263427587
15.719472322622
13.3214263562022
11.3333126181125
10.4487496781663
9.93428951271062
9.38633986177718
8.93261509013587
8.67981341486887
8.50516392821696
7.13106388778327
-0.454652137210704
-7.4868017282607
-10.547553673254
-7.22414291057672
-4.25818708122112
-1.25187606773327
-0.107525783449515
0.027465445905591
-0.0379123773945694
-0.404695262162598
0.0718795938928942
2.87861382625684
7.28039895799277
9.93772639563498
7.92683763706435
5.49876632626679
4.92346965928023
5.01947880774418
4.89458917154483
4.52048190453089
4.50585697533534
4.62169108059052
3.75660841952828
-2.92341505720022
-11.3141919697647
-16.9877910691797
-13.9246420526599
-10.2194428943069
-5.80401106406871
-2.6944845456667
-1.31274152479437
-0.642471009087599
-0.308347055643471
-0.443697347963955
0.962431044410046
5.74327017080119
10.397533591057
12.0426006721149
8.49075388112087
5.89236971616633
5.28894423168413
5.31547713870044
5.13475019201019
4.84509911427165
4.82001269871628
4.83433495339849
3.25500577501662
-3.85350954101719
-12.1187618215173
-16.1893155954993
-12.4775805633203
-9.25334856128404
-5.38975516904427
-3.10027877977879
-2.16201202822537
-1.73310777704479
-1.63940123693608
-1.72563260337472
0.221390880175268
4.97162751516596
9.22687848932473
8.64322984404824
5.73428279882617
4.79492001396635
5.01888115382399
5.02300654751531
4.928761694179
4.85087393496664
4.98982829155601
5.05398728306358
1.97745256198953
-5.03973161389786
-11.5498985646091
-12.854335781521
-9.30659989979532
-6.45030104403924
-3.91286842162111
-2.92412243441795
-2.65483845997546
-2.57410098677816
-2.80043666507805
-1.40802858867735
2.20904407080382
6.55562698453164
9.19559985658777
8.14514995406479
6.25842176252821
6.31402898043074
7.06661651260032
7.49152366606153
7.63074080521467
8.14360043523908
8.50862831304557
8.26591971784521
1.23614512953144
-7.67021467288157
-12.0027563798677
-8.65522559681538
-5.40064924806543
-2.11183296509925
-0.163841848078689
0.475797883417937
0.95839627102838
1.0875043789411
2.455280350702
4.33019836249022
8.22648779165069
11.3323957443604
10.6346094467228
8.72008640968408
8.53616905625355
9.18345949494858
9.48398077176248
9.48343005447718
9.62982637953089
9.71894188240195
9.4127053616505
2.79072597585336
-6.31897632020731
-11.6243985718675
-8.2256675112345
-3.6506473756319
-0.795438118631006
0.525460860641134
0.780647202666388
0.869001346489545
0.844019777883915
0.411179839421819
2.12607020346801
6.23275493622007
10.2511240416207
11.4479759317906
8.68550314708915
7.05561708067477
6.73008251485594
7.04965157465258
7.01252738635528
6.81448880114042
6.89399116848022
6.85352355567965
5.29153980171537
-1.85363344940078
-9.50499024831236
-12.6095768641099
-8.68362114400776
-5.96802754644441
-3.12505872073767
-1.51954328871327
-1.10899532840212
-0.787153817785913
-0.709744517416747
0.657558130794709
2.7467880986629
6.76780270946163
9.38654068431564
8.16632014910763
6.73611998940017
6.91974438251186
7.71653506470652
8.09610408765639
8.18284994950544
8.58219486319953
8.7780158215742
7.60223474874846
1.4611885025175
-5.74520122442443
-9.17941137364708
-6.90738261808395
-4.56470438780661
-2.14207742981349
-1.09477444987604
-1.15530694092422
-1.07229100810632
-1.11244620657903
0.0898556990296609
2.20614084445682
6.19326502669525
8.90197179862332
8.2296098157139
6.91572970893897
6.78178732599374
7.28444203320818
7.57294795737964
7.49725480554111
7.78210800198884
8.0343776764656
7.36184135191009
-0.904591865212369
-9.28459772672873
-13.986100624696
-10.062590777576
-6.57101556524744
-3.23280032579294
-1.19482485024792
-0.338764105721745
0.0293071462650612
0.239374658174145
0.255614389221374
2.04136018208165
6.22933401364572
10.427150638109
10.6662782335368
8.10408239872903
6.95603825134718
6.89724512313496
6.95506194806871
6.83992216391631
6.6202781191802
6.6082003600771
6.49694023114858
4.06448568783697
-2.7396764935961
-9.35522887893452
-11.2582200571236
-7.65804614066945
-5.20611887380008
-3.10898123614802
-2.48052354425096
-2.51100267457805
-2.56029307133372
-2.92002865652563
-1.56043757492532
1.27227698209309
5.26101792361394
7.81939231036696
6.74815477009413
5.27455234566577
5.54989567462324
6.43402318903267
6.90968425421636
7.01592162936063
7.51975383790785
7.88555164924648
7.27512629766517
-1.65995242368965
-10.5429672738017
-14.4912560615218
-9.76959534545013
-6.00875377784903
-2.50505440554886
-0.456322923097365
0.619286317183066
1.20139673085982
1.48564147763775
2.12680064562096
4.47464163870435
8.38987388215199
11.7710041447237
11.353989656256
9.0353036406071
8.64355209787862
9.18891608064195
9.71072995713837
9.75957008813575
9.7573107093324
9.76265031018177
9.56752689571622
5.82600048402797
-0.709229704515252
-6.11951826109911
-7.86228809959522
-5.36011575267157
-3.23761900670853
-1.93117027693212
-2.09894781192233
-2.15156758853213
-2.41858426736034
-1.16838349794795
0.503761620891217
3.2632106634854
6.26559440804736
7.32271444079639
6.70671902454815
6.51921718613906
6.63518566884913
6.95300279588403
6.9069447649858
6.81700726501229
7.10422943749384
7.23539041267384
4.50511027795931
-1.87557728730953
-7.66347814349829
-9.03338366767106
-5.81323820823277
-3.49417375253558
-1.67890300444694
-1.45066633242832
-1.45674618194409
-1.11213895256138
0.155955365738928
1.58933386358804
4.15521270726886
7.27622123749446
8.23617461972416
7.94008783896827
8.0916849056761
8.34416656818201
9.133926422146
9.19380684120447
9.25692872850707
9.53129051308149
9.5364314350995
6.6819962160867
0.500457945825402
-5.19920778622078
-7.36560299333492
-4.92767237688473
-2.91183555757259
-1.28183464553572
-1.27412908958199
-1.33501560641588
-0.849772027869878
0.770878666617531
1.95294648434053
4.30968987557222
7.28692613270948
7.74044551189694
6.92599977945539
7.19017840443034
7.54159683510284
8.25344783894152
8.29811009904402
8.39154624705132
8.61160521566021
8.52400205294575
3.5919905345322
-5.17484385843221
-11.290083090698
-10.0336235793337
-5.95543069604028
-3.10066676434345
-1.4348860144663
-1.23335096163552
-1.19075037810232
-1.37954663874988
-1.70587611984334
-0.690898556734769
2.17479098896323
6.09827417581754
8.29391703856388
7.29747437120565
6.07040669562034
5.61635153383695
6.11536102536434
6.23300146721303
6.02224092030695
6.12119793121537
6.42043919257476
6.5384293610623
1.0887882084414
-7.16679005426442
-12.6429300875782
-10.3499292906961
-5.65011613451738
-2.49838880177372
-0.593946345373165
0.0237628819923189
0.407288261783305
0.55259191752113
0.521300944502162
1.95677976638438
5.81729019460133
9.79366026111495
11.3841818574337
10.0770116024053
8.4645793013712
7.91009231240035
8.13738166765862
8.03163184217159
7.83605915110546
7.86221190898285
8.0199054252928
7.80893501921232
2.21379188324677
-6.07045312313171
-10.9843246064151
-8.50274768118359
-4.76298596523244
-1.87334581832422
-0.38590794005984
0.038682579267977
0.309898134212602
0.294334642679302
0.34233714578937
1.81538792748309
5.95333920502962
9.91824828489612
10.3258849974367
8.66115032582386
7.09479897089339
6.56718387065458
6.37621999394756
5.98174452446699
5.57024264787254
5.4093534312641
5.41744972072215
4.84811104528614
-2.84428211443293
-12.1319886632827
-16.3179503083187
-10.6589163485827
-6.38491238566769
-3.01768690243314
-1.55883260324438
-1.13668153435411
-1.03630906014064
-1.18931815989617
-1.4310401430153
0.349528374056474
4.91962246349531
9.08231423949958
9.06207224932984
6.11340688781809
4.38726413063668
4.10452544235982
4.0616381394811
3.7617159525353
3.33689893892831
3.1553937423223
3.1063400407215
1.16920616525426
-5.42321867441216
-12.4509641939785
-15.3893823979137
-11.4189784959715
-8.54913063249488
-5.8123340337635
-4.6974874308348
-4.553089804517
-4.44404217787186
-4.63406688009377
-4.6230621348698
-2.36734869785454
2.01497003754717
5.88650326612156
5.60122849703939
3.43773304468492
3.18192258507435
3.70636300259592
3.94639285613297
3.96967050091247
4.00832328882668
4.25939774645505
4.46746197398515
2.24717875040063
-4.39163473359798
-10.5718197125627
-11.6935672371905
-7.64464221275631
-5.2212431940017
-3.41345216352267
-3.46739605288349
-3.7205764966611
-3.94262580757126
-4.36723979029625
-3.2650686057906
-0.515425641625575
3.60279503232291
6.7330454283747
6.01408037886043
4.48742183356864
4.64222456449676
5.55901564058331
5.97189734426279
6.03845957781695
6.38999363922223
6.84379076490989
7.08496699104849
1.18448359213883
-7.97198185722197
-13.3805540273438
-9.84799231628456
-3.98940888845108
-1.12856353808816
0.154941591142685
0.354712794499863
0.585813329920165
0.721833809599938
0.668112367453175
2.39635764248869
6.20559179499988
10.2166795251069
12.2455322751236
10.8475352191358
9.37556048613992
9.14456332986518
9.78294830763948
9.89846629753467
9.91405969946875
10.0916024341707
10.2333646997325
9.90268830030464
3.71075734737038
-4.33079986908377
-8.64005418970807
-6.3714750312217
-3.19162276049817
-0.560202055920437
0.585113505250239
0.806953803044992
0.976969579937871
0.868264857864102
2.06452960365928
4.39114405651738
7.87984529537381
10.4514759256682
10.0372180531279
8.65065640679123
8.31644350283301
8.49693500019015
8.68106036694437
8.52451535081284
8.52362474217169
8.66864519852597
8.65906874961918
5.56417801360645
-0.458929915286382
-5.7258665049933
-7.32852812173671
-4.39857301692396
-2.3299185897863
-0.90725620390613
-1.33409364917925
-1.72542598610296
-2.15410066341596
-2.32605288601596
-0.943641819000948
2.03829852786308
5.49677091980237
6.78669309871283
5.68108271943987
4.89740607148798
4.89915805379313
5.4506704763003
5.53021608919087
5.43912820040497
5.58757180358763
5.90033018661211
5.91444872880659
0.342123720506182
-7.9595067237136
-12.9853867544291
-10.483508643877
-6.14793411425919
-3.22704909410502
-1.71603833440871
-1.32753890477588
-1.15283726294491
-1.12213922797085
-1.26762242827724
0.495696294703356
4.61124803931058