4.055005720917875
4.02545466210416
3.9959036032904454
3.96635254447673
3.936801485663015
3.9072504268493002
3.877699368035585
3.84814830922187
3.818597250408155
3.7890461915944402
3.7594951327807253
3.72994407396701
3.700393015153295
3.67084195633958
3.641290897525865
3.61173983871215
3.582188779898435
3.55263772108472
3.5230866622710053
3.49353560345729
3.463984544643575
3.43443348582986
3.404882427016145
3.37533136820243
3.345780309388715
3.316229250575
3.2866781917612853
3.25712713294757
3.227576074133855
3.19802501532014
3.168473956506425
3.13892289769271
3.109371838878995
3.07982078006528
3.0502697212515653
3.02071866243785
2.991167603624135
2.96161654481042
2.932065485996705
2.90251442718299
2.872963368369275
2.84341230955556
2.8138612507418452
2.78431019192813
2.754759133114415
2.7252080743007
2.6956570154869848
2.66610595667327
2.636554897859555
2.60700383904584
2.577452780232125
2.54790172141841
2.518350662604695
2.48879960379098
2.4592485449772647
2.42969748616355
2.400146427349835
2.37059536853612
2.341044309722405
2.31149325090869
2.281942192094975
2.25239113328126
2.2228400744675447
2.19328901565383
2.163737956840115
2.1341868980264
2.104635839212685
2.07508478039897
2.045533721585255
2.01598266277154
1.9864316039578247
1.9568805451441098
1.927329486330395
1.89777842751668
1.8682273687029651
1.8386763098892502
1.9116784739072585
2.0463680600211025
2.175724069908261
2.2921977755030527
2.3775158624847434
2.4311249378094337
2.4746796747101056
2.51798797455168
2.5616389151002674
2.607233552214065
2.64619770974339
2.6553664034687876
2.639700037331305
2.5700256249265063
2.4428336543852556
2.2868569631065694
2.1654856769306097
2.0751563855985853
2.005688915232427
1.9461083443494411
1.8886079353469265
1.831266125993717
1.773769636639438
1.7498264112084494
1.7846730552518932
1.8844333319873157
1.9965872276478576
2.092914889779139
2.144649038270947
2.1676785476955542
2.1809136544848093
2.1913153044233047
2.1998449949506154
2.2058278473689463
2.1971860016813993
2.158668908735435
2.0859855541589885
1.9696073702383081
1.8184390483541057
1.6598768663526322
1.5331724238216784
1.427859065814029
1.345002121558964
1.2757825296460554
1.2109559816773743
1.1494174535581487
1.097491570080004
1.1048572009939466
1.1726293190530435
1.287300553375663
1.3973050804941562
1.4795865853307697
1.5324872214707264
1.579025434490339
1.629946425343325
1.6838140840522713
1.740685244394444
1.797044948164686
1.8361138355508937
1.8382451984035815
1.7821091858663793
1.6915658821479105
1.5943594073140437
1.5160093922321611
1.4525379803410972
1.4059375392724989
1.368750411097618
1.3312592593343098
1.2935507686806884
1.261305373805806
1.2812608092775268
1.3707994371862788
1.5243163649735298
1.6754859931277237
1.7976651501477288
1.8819018440087067
1.9446586113706967
2.001593601821045
2.0560003499433437
2.107693077500859
2.162168609619751
2.209002693275748
2.2197217077201783
2.144873194764751
2.0036334702690977
1.854780129170973
1.7491181391461892
1.6705753590340597
1.6139642499976798
1.572046534486037
1.5377163144860806
1.5059897876486552
1.4755595870180305
1.455696067906804
1.494734940245206
1.6162455086899952
1.7925134969920367
1.9457840850506938
2.0607339589580644
2.14249418028516
2.208702947854125
2.2690809212070655
2.3258559539286625
2.3805558172142005
2.435746763992028
2.4773066934686714
2.4712991316982813
2.392050423202117
2.272855332321436
2.16032220082508
2.0778522262910686
2.010136994320048
1.956282770587179
1.9072146564253902
1.8584605066933064
1.808459702965559
1.755651650385499
1.7322219143794406
1.7740232958098436
1.8853538685795337
2.0222659751483283
2.1285888537568662
2.2062368894502784
2.2689042013459364
2.3308786756734228
2.3942198857011836
2.4577299692517727
2.526075601721876
2.5876224907147503
2.6211727041376722
2.5667648934872003
2.4360459058687263
2.2861359322555708
2.1799901235934627
2.0983822907571725
2.0349937416303576
1.9823589960067882
1.9359255225761147
1.8899506636067154
1.8434408170146115
1.802784399317762
1.8242313960672512
1.9305895984184678
2.088031721097881
2.2205430803897435
2.3161454174008207
2.38737313304968
2.449311927279618
2.510470417834058
2.5687563371526503
2.626172273115506
2.6745654516551065
2.709249746577135
2.6933524796392363
2.6136066157393962
2.5026521276081253
2.3928350778778
2.3008067016597513
2.2185479036355322
2.1429508768229852
2.0662463876415322
1.9882239110318431
1.9078429431526223
1.8377695069963418
1.8226240476919557
1.8860822396369414
2.004559014338364
2.1075284312392317
2.1761202617039994
2.2245616875634036
2.265023441260146
2.305899968367547
2.3458863486224897
2.3854425571465194
2.42976738892183
2.4636039465986888
2.4521625912459695
2.371853310921929
2.2452873898935244
2.1279437686037213
2.042719561392414
1.975009254985847
1.917204257773268
1.8611566172515221
1.8063802266350693
1.7533594973566478
1.709004741131874
1.6844868210118256
1.724280504168578
1.8354143550679616
1.9734656893979887
2.0835564773647173
2.176667155855581
2.2526222902192865
2.3231750697614033
2.3914055477058165
2.457922650661399
2.5257440747044346
2.5845445601634056
2.610605541073496
2.5690999466123294
2.472505585880301
2.3696451677184296
2.292401509663563
2.227291708735851
2.167699856350141
2.105645331997569
2.0426131097729243
1.9801497528784255
1.9271223545012284
1.889709849438924
1.908574096942598
1.9948795761289149
2.106931608483511
2.1985434124407255
2.27639031834958
2.3405206114947217
2.4024293683743076
2.465034779235023
2.5277091981433535
2.592106889681361
2.647962163548355
2.6571399760654115
2.581854486759931
2.448132268949856
2.327183703419739
2.2419442305390818
2.1764975147090344
2.1187536203535746
2.0604337599627454
2.0028973017929217
1.9422240922516059
1.8777191002230682
1.8243896968545608
1.844782960789498
1.94665628464742
2.0942060704968233
2.209173389362928
2.292891417580595
2.35149507228013
2.3999068992709405
2.4434285255817656
2.4831168287211165
2.5220693007280124
2.562895955054855
2.592677870147443
2.558634520444102
2.4421183569184506
2.2877527388978214
2.165540740954609
2.0820562748230556
2.0198335335984954
1.9698401011915956
1.9246999734967336
1.8835543453020527
1.8434509781328081
1.8038772080225671
1.7899188906619536
1.8465875442261748
1.9734013795907415
2.1233510611441013
2.240801774674397
2.331336199675531
2.4043101966857856
2.474627449744789
2.544446221378894
2.613296236097032
2.68470180275603
2.7481477828899243
2.791436908963562
2.771256604060468
2.6792708727127947
2.5618372344577667
2.4705968369289626
2.402299607525946
2.3472839187355024
2.298968738640959
2.252761857514517
2.2050144687483226
2.15474150843993
2.108828997500356
2.131844496514745
2.241091559288462
2.402743905953482
2.535826557230878
2.6329782400366586
2.696553427960118
2.743066717984965
2.78119210657281
2.812850038980804
2.8399003778565324
2.8616391380263515
2.8678829001589223
2.8444275171333198
2.7476375419071166
2.5921012616452703
2.424198917612649
2.296368000748666
2.1932300638856894
2.1089359124977993
2.0339796032833597
1.9618339592854368
1.8903176720647588
1.8190802875905039
1.7710204158882308
1.7780320587926792
1.8511389510085363
1.963354860538965
2.058866039360167
2.1207933631649794
2.1626372996389445
2.2037199039719395
2.2448669617733508
2.285796102302461
2.315632409831443
2.3331928874568133
2.332154009160365
2.2984030936451783
2.2139929405643275
2.087120866269449
1.9420308027989006
1.8224668017073729
1.7198036664200966
1.6355700319912925
1.5593151002307157
1.4821143105485253
1.4047670748495469
1.34424272280946
1.3260474589183326
1.3611211638563705
1.4342890691889418
1.5117708008071822
1.5720052527911224
1.6058902597390157
1.6365696565436687
1.670762432600226
1.7042626432538304
1.729519034877496
1.745538832395633
1.7462287995425612
1.7276277448173336
1.6879655205171782
1.606298483612766
1.4826991152800593
1.3499988914034198
1.2388825428279076
1.143418635309986
1.0595088280780012
0.9734248110848557
0.8856300565698842
0.8152683213138713
0.7830319124653838
0.7958407812099546
0.8412061941351818
0.8976993557855635
0.9615727397984594
1.0098900578408183
1.0480460242192993
1.0876303962120983
1.1300726986521854
1.1645165309544725
1.191572909056965
1.2053497551738523
1.2024150838639205
1.198074166507309
1.16005088049859
1.0596392231366543
0.9210819326568749
0.8012048455361727
0.7198305476057415
0.6567834629359436
0.6007790680715892
0.5466778147043978
0.5267693563957087
0.5658202018793649
0.6450135492843397
0.7273313057202503
0.8078678785085954
0.8960622247963459
0.9866610214161464
1.0666668901629761
1.1366424588003419
1.206338551307726
1.2824234812910562
1.352551725359066
1.403805160527977
1.4302510430336266
1.4430950672797773
1.4603481396579168
1.444721322782088
1.3788461479283083
1.281128166371538
1.1976548120772683
1.136635847303725
1.0923881652697118
1.0537436242940537
1.0157868325191035
1.0150463118005382
1.0682585959868192
1.165658991293028
1.2632819935924544
1.352884387167893
1.4386450807271118
1.50905014296884
1.5661818881661835
1.6185603996963145
1.6711719432901486
1.725210085160627
1.7687050228058494
1.7866277681539966
1.7791773372759243
1.7611302306016563
1.7312439154440482
1.672147827916514
1.5818434648874162
1.4794202212490366
1.3971009837715835
1.3297766278716379
1.2717006801041615
1.209753666365936
1.1466122027545753
1.1176857620482006
1.1424831146118806
1.2089777026080006
1.2787859556480456
1.3467313654827133
1.4040826165889184
1.4442613626783207
1.4764383394479903
1.5068307892465362
1.5409787086744897
1.5753355228692014
1.5993338028223265
1.5969115021505258
1.570302773022817
1.5410879632967898
1.4859950718708448
1.3862976831648384
1.256810460482165
1.1451566284435917
1.0648276308361335
1.006567420624361
0.9593793956861307
0.9147105968417732
0.8749692173170638
0.8863741370949587
0.9583235823598957
1.0696722353600416
1.1707991518361562
1.1887030977286586
1.2066070436211618
1.224510989513665
1.242414935406168
1.2603188812986712
1.2782228271911744
1.2961267730836774
1.3140307189761806
1.3319346648686838
1.3498386107611868
1.36774255665369
1.3856465025461933
1.4035504484386963
1.4214543943311995
1.4393583402237027
1.457262286116206
1.4751662320087089
1.493070177901212
1.5109741237937153
1.5288780696862183
1.5467820155787215
1.5646859614712247
1.5825899073637277
1.600493853256231
1.6183977991487342
1.6363017450412372
1.6542056909337404
1.6721096368262436
1.6900135827187468
1.7079175286112498
1.725821474503753
1.7437254203962562
1.7616293662887592
1.7795333121812624
1.7974372580737656
1.8153412039662686
1.8332451498587716
1.851149095751275
1.869053041643778
1.8869569875362815
1.9048609334287845
1.9227648793212875
1.940668825213791
1.958572771106294
1.976476716998797
1.9943806628913003
2.012284608783803
2.0301885546763065
2.04809250056881
2.0659964464613125
2.083900392353816
2.1018043382463194
2.119708284138822
2.1376122300313254
2.155516175923829
2.1734201218163314
2.191324067708835
2.2092280136013382
2.227131959493841
2.2450359053863442
2.2629398512788477
2.28084379717135
2.2987477430638537
2.316651688956357
2.3345556348488596
2.352459580741363
2.3703635266338665
2.388267472526369
2.4061714184188725
2.424075364311376
2.4419793102038785
2.459883256096382
2.4777872019888854
2.495691147881388
2.5135950937738913
