-10.349360528207693
-8.832272175115488
-7.3151838220232825
-5.798095468931077
-4.281007115838872
-2.763918762746666
-1.2468304096544671
0.412136332262031
2.1902165666193154
3.3272832766975386
3.9929748596897396
4.418392123975553
4.76173301138565
5.088201011895087
5.431424193010246
5.800748239790628
6.09190092981
5.879163770623345
5.038904186474464
3.5331717955343507
2.090496851942476
1.316226170951429
1.008130541025516
0.8440451803434144
0.737407339987901
0.6877169757718085
0.8146796328095599
1.1418660368379407
1.6360493978747053
2.256943684994091
3.263668528396313
4.843261717853827
6.7407046758960805
8.392344601499671
9.802535222254965
11.13608306090341
12.525713305753975
13.95608642324921
15.180357824720897
15.928858365420322
16.063093809186782
15.693371652473326
15.329555371980636
15.621390692161121
15.300602672599307
14.9798146530375
14.659026633475694
14.338238613913887
14.017450594352082
13.696662574790276
