-8.40630639485692
-13.4135717558604
-9.86146356321112
-5.88849965004986
-2.44085843092286
0.356180652683203
1.71033616721095
1.78160627716457
1.11696770345401
1.46302147053301
3.72893150738609
5.84018295354292
9.51687035993958
9.65579430874315
4.91281544531474
2.13444525947054
0.746891599801689
0.788722428056558
1.17262344039883
1.60805318628356
1.78297114733463
1.52191537030262
0.299922146842994
-1.84261331726882
-6.18615635603937
-8.46258453314461
-6.3352484020123
-4.31523802199968
-3.24384284847235
-5.92457704081415
-1.8433635834687
0.692932431832902
1.41013370230537
-0.236035043237969
-8.11791860066853
-65.1177054809772
-134.093513030989
-131.119016791417
-131.367453539128
-155.466831213738