-10.559844304649332
-8.990669189473453
-7.4214940742975735
-5.852318959121695
-4.283143843945816
-2.7139687287699377
-1.4188333334608618
0.6657523134300447
2.440048483607705
3.4219862195499413
3.8379229186766137
3.8734420956873854
3.7896590284915312
3.7342969524219187
3.778941087224605
3.8080274214792973
3.6073895908353455
3.103729517498989
2.071049183207317
0.6308718500452699
-0.5850736025419433
-1.3550457535858373
-1.8152393555677804
-2.1818361988885897
-2.827036242635224
-3.1408014035217935
-3.2398958322037688
-3.2500578020217006
-3.2987811829381513
-3.8692634814290345
-9.226677038241561
-20.647670538045592
-31.99164948253692
-43.54185089318495
-57.380304380936366
-75.53605385603943
-93.69180333114247
-111.8475528062455
-130.00330228134857
-148.15905175645156
