-7.87939921768155
-12.5822624744999
-8.36865066845022
-4.0617313671276
-0.639198500020796
1.91218042974867
2.66611817813228
2.28497850557288
1.86150683594493
1.75362928401243
3.44221811031122
6.43090262746692
10.9736882071293
13.3247024889991
8.44622096177574
5.33259670784726
5.00916136147361
5.12140502965408
4.98471211876788
3.9774861974088
3.57596242760107
3.55945850345862
3.23458537506142
-0.299066185389911
-6.3778769464623
-10.4051325783242
-6.36132366560594
-2.26346995996522
0.135274062219351
1.96484638525838
2.82133499101366
2.83719577941638
2.81400916971553
5.51753219139608
8.12508946312706
10.9977470102285
13.4761013123836
13.3287568419194
11.639066067728
11.7512608042379
12.7713836886947
13.6103276680052
13.2603082465287
12.8377992787675
12.8742448839255
12.8288871816029
10.6524104612043
4.89011718777249
1.13630481993635
2.22053814953574
4.62552594262726
6.64791511643592
7.25843091263632
7.66872296702893
8.70014831034484
9.07047316710727
10.3583760782937
11.6299312067278
13.7489685935715
14.5521797739883
9.2054489922751
5.91237476505727
5.12900823178343
4.75159335309352
6.13899124027448
1.83508893114974
-4.16522163860574
-10.8330165800247
-18.4854650137715
-23.0075506495436