-8.1346098328447
-14.9008541103822
-9.78408667694086
-4.52740569672898
-0.343880780218018
1.37921768482982
2.09769856208478
2.68491850140442
3.20056106030665
3.429491333134
5.2881063752421
7.83155264824183
10.9720116787691
12.1679661569621
10.6690071657262
9.01881645632453
7.35991436234803
6.49022062081966
6.23888805022063
6.21378395348511
6.07368181740425
5.88855342818457
4.36449871985519
-0.778638050919257
-7.4852512110659
-12.1796763586208
-10.198754751837
-6.63525504673695
-2.85558758025514
-1.84456274951465
-2.02510890492286
-1.76911718725589
-1.41833502763464
-1.19852891226463
-0.453530977331382
4.98646376684135
9.48585769450684
12.1396315741964
9.95098726466623
7.52211775958726
5.54278536452506
4.56758146816419
4.06976400668239
4.17851429943208
4.14779900538163
4.09645666196651
3.99223928028098
-0.674470550013624
-8.08846721824761
-14.3391581099461
-12.4497455893383
-8.27426608622189
-3.69747397848646
-1.96485937889483
-2.09866703662855
-1.82128538727155
-1.3344948253682
-1.00813224712262
-0.729372240401003
4.37281009578313
9.04835253971437
12.1992059266899
10.4913841324311
7.22722796575837
5.27427097300395
3.92137682941339
3.16929344842981
3.1423251856434
3.10429249804153
3.00059079872363
2.99562872707447
0.782096741723594
-6.17011579935453
-13.0748381159347
-14.0993020528545
-10.6819543408442
-6.09988982442003
-3.98752547137035
-3.9686377788665
-3.74652108897135
-3.19121976055245
-2.68164753346905
-2.52492903633317
-0.352461823363458
5.01217733578746
9.46512085002192
10.2911100601509
8.08543227280872
5.85189626407016
4.08014749990048
3.14590887203386
2.75390772446048
2.66158719876315
2.46916710622437
2.43412779955923
2.37911622012385
-3.8607731848458
-12.462232885408
-17.2882009846546
-13.961798350663
-8.96380794237912
-4.53890562428139
-3.16035237311024
-3.03496371844711
-2.58614637179374
-2.08396364152823
-1.91508991563442
-0.819231298976701
4.95185494612336
10.1293559316081
12.7155709513618
10.0551810498457
7.06511008342334
4.51958925730308
3.27276785125518
2.52993621648768
2.39880670190094
2.28336690372669
2.3021705777292
1.30120926238056
-4.13564576781291
-11.4397836025241
-16.3397559007599
-13.2387288696358
-8.6655500978521
-3.84377205290433
-2.01632785353407
-1.78994521562781
-1.26486289581632
-0.617848379653589
-0.262122579391402
0.645275145848366
5.69085510050108
10.7281957573691
13.5112527271001
10.872471687417
8.02660819220466
5.74977095182331
4.51705928894521
3.90913630543687
3.90458503966553
3.81832977082702
3.71706356966569
2.41733470856771
-2.74040383301774
-9.77845583492313
-14.9706016869101
-12.5229106076814
-8.60689360997303
-4.1794727007976
-2.91059733138896
-3.09404611068107
-2.90336495060964
-2.56415441876174
-2.36182275872128
-1.38082217456637
3.53503518691227
8.41122440285467
11.201977694084
9.30167584663005
6.87360977150593
4.93787901742768
3.86707512961009
3.32404611119314
3.39975969488201
3.41752327680337
3.4603404094199
3.3958788705547
-1.10967943590944
-8.79498587654171
-15.0685121563881
-13.187066548691
-9.07540300733961
-4.39347228767169
-2.62265111377435
-2.7046995167454
-2.36655886284826
-1.84462564716505
-1.50568884980822
-1.23561574097892
3.8375886556926
8.8957764008236
12.0510267594032
10.1431307403869
6.87385479154325
4.67727300037741
3.31200713159791
2.5347917737677
2.48013446330415
2.41898036054854
2.32940738448808
2.34909335894201
-0.101939035716835
-7.06980549054034
-13.8626166908361
-14.1266813396222
-10.5425610328344
-5.93405248011515
-4.0357897911411
-4.13011684652024
-3.92132827676712
-3.39415919113317
-2.93573952637253
-2.82722861627808
-0.301701535862521
4.95995721931874
9.17585775416654
9.7877920119792
7.66048417568416
5.72564418335229
4.10045192315214
3.3170394359786
3.12948722072597
3.10468961944691
3.02333284921919
3.04234648945617
3.09322572409302
-3.60399483805583
-12.1489965294744
-16.5108507890534
-12.8292912941331
-7.72631291698546
-3.75728279123866
-2.79577922124476
-2.72795389579934
-2.31372334067158
-1.80039785108972
-1.58990350773081
-0.0940494787426365
5.93434958747381
11.2341280544558
13.4057147185086
10.8621771744769
7.77823084630425
5.17059971873089
3.86411594353603
3.08397862821167
2.90316570741084
2.74195461263401
2.7335539729003
2.62638652403051
-3.76768874913876
-12.2011682289829
-17.0929617677332
-13.6861084984728
-8.690467180988
-3.72496275627118
-1.82864180699938
-1.75437599500035
-1.34816886518573
-0.840889155037865
-0.6954687046727
0.325431778704249
5.59691462271646
10.4040841094104
12.9335710853491
10.2015967576663
7.32869341674876
4.86552160037034
3.55894629039683
2.77805176272235
2.60879156394322
2.40482934965045
2.33003463190539
1.27980369420215
-4.2433385335562
-11.2275758713135
-15.6547791242868
-12.5455793071864
-8.15665961902009
-3.71490440657283
-2.40478527056453
-2.45947399027462
-2.16379366358858
-1.69960107773068
-1.45125368428053
-0.257379997070782
4.62636202732659
9.42807080828314
11.7787505740336
9.73521222822373
7.51332772205453
5.60852200588766
4.73600155549181
4.3318963817252
4.41873399300189
4.43226213935574
4.54595768505941
3.6422061277682
-1.92426078126776
-8.88293804663377
-13.4482728608706
-10.9208362155138
-7.026402671585
-3.03784026566975
-2.08805759184556
-2.26576366029758
-2.08294469493782
-1.67776108262668
-1.48405413146082
-1.24152225029444
4.18005064800845
8.97209351343162
11.6689789564232
9.49886054137877
6.84439733051731
4.68718501999198
3.51095582589736
2.86568349579764
2.84863909469263
2.80359105235067
2.76672986480863
3.03631572716885
-1.16727738562094
-8.7777000557906
-15.1362965284917
-13.4254562312427
-9.15540508527933
-4.41143846634074
-2.64842664872083
-2.72583670219177
-2.40179910005131
-1.93441103843674
-1.62173412702649
-0.677858940844905
5.71603912197232
10.5112778555232
13.2896499614477
10.6107994066988
7.49487793165384
5.22023017562362
3.88628370613413
3.24305947982729
3.33288607476171
3.28109098131116
3.19115296344162
3.07424233785242
-1.56377151050935
-8.97174515659536
-15.2755767151541
-13.5234613199112
-9.32021190584869
-4.62460986985288
-2.95613624388001
-3.14240396926413
-2.91881679860964
-2.54675797007377
-2.31251287469343
-2.04522647812504
3.23706803126519
8.22768492821062
11.328192168513
9.71265600856211
6.7028088198997
4.52741208600289
3.18062060181904
2.40028718995973
2.33778681838571
2.3138235346034
2.27498374090997
2.44183516980966
-0.00466225121587885
-7.0706324111047
-13.6157027711141
-13.4840430486172
-9.94187195098974
-5.54108911719718
-4.01112109544006
-4.23257843553128
-4.0753132182797
-3.6050658847016
-3.17383513547964
-3.11836712841071
-0.09567486259723
4.83488381178822
8.74676869069467
9.14275090309028
7.05275490839929
5.26791779114249
3.83407628539515
3.16410565282853
3.10531878539388
3.14514788929566
3.16143167005804
3.33094786527607
3.25753061599153
-4.51915119764194
-13.028880657688
-15.4305687739241
-11.1037039938806
-6.06681308576944
-3.08228768409817
-2.747898005332
-2.68885200453778
-2.29503436418677
-1.80642157912232
-1.55604427728024
0.595185921142308
6.48835202887341
11.2402330304012
12.6203584272195
10.6831133390625
8.00442208105403
5.72793154102129
4.53947716877029
3.84689710602752
3.68725833752218
3.55693833838115
3.55159191134672
3.68773310565483
-2.14792798854857
-10.1820214422568
-15.4395338031853
-12.7307392246099
-8.29474153305625
-3.90071149810048
-2.56933031854675
-2.52671998821711
-2.12898625929765
-1.70101851028811
-1.59569284804081
0.0164755587607011
5.13966909422624
10.135173479055
12.3471336684815
9.70577573916416
7.07000332482374
4.42393340843408
3.19627960632914
2.39967539602715
2.19155800165687
1.98765468390756
1.96660035854338
1.32680543529978
-5.5849482873997
-13.100838275629
-17.0860238596061
-12.9141335753853
-7.71660980044453
-3.11961791855438
-1.67673888846262
-1.62918075153228
-1.2461444721257
-0.763882054206666
-0.61330937329565
1.04041583179923
5.77007242974186
10.6548538939066
12.725193294745
10.1562165764244
7.75134666203905
5.3313240823248
4.26055240665982
3.6469478587992
3.50594036297575
3.39510112556187
3.40699748541475
2.03979602486756
-3.56737372632842
-10.5117618207151
-14.3148715605137
-11.66868608586
-7.40665428420017
-3.85073797073537
-3.04679181226126
-3.04941872338533
-2.73988710892656
-2.23061399335122
-1.94493491529506
-1.67015134365816
3.71178490800393
9.07561672929917
11.5033572143862
9.63042665338223
7.66909310539944
5.58856400392397
4.78618211881696
4.45554727901974
4.65756482441969
4.82084437336653
5.04359536090604
5.1632570755787
0.330381861670218
-7.22370402389076
-12.8092013205068
-10.6886733500381
-6.74085878917823
-2.62086669365483
-1.55394217893586
-1.79213753416447
-1.55968903262357
-1.14173680518755
-0.930812769899811
0.247665517717688
5.39843611438217
10.3232662111019
12.7936169150644
10.4422208152001
7.93122108419779
5.53550108896944
4.38037753161857
3.68607376721634
3.59315238662108
3.46292003953744
3.48751602430768
3.12325783847023
-5.19335671987863
-13.2705061671286
-17.3100225203129
-12.4467875667558
-6.58853986380409
-1.74951716971629
0.108402870980759
0.14059229584762
0.470870801665575
0.868613178000078
0.871859249964496
2.95533817236728
7.70915724899244
12.310482103156
14.2319665103412
11.3602258767718
8.62259701569967
5.65283634904664
4.19600257967021
3.14918745313384
2.69123349006981
2.32362538427894
2.15025185696694
0.91905232274703
-4.98561108068173
-11.9563368994751
-15.5382956541139
-12.2604458138415
-7.78492830086012
-4.04870436715337
-3.26452988009685
-3.29994960836668
-3.03480684947051
-2.59600996200181
-2.39268737292135
-1.33091275421833
4.25810411292483
9.25993835143663
11.3109529692511
9.44787542613357
7.29957624702855
5.46410513746621
4.65854986032088
4.20928706844288
4.28019303070645
4.23978695240383
4.40287174220931
3.51077160543946
-2.33013814072049
-9.32429958388494
-13.2707119793085
-10.5581617361661
-6.24694301482616
-2.46985266533165
-1.56512193678378
-1.57583892581668
-1.22991716842508
-0.707151449213195
-0.421415008519947
0.321478824269229
5.91479191128074
11.0517328685432
13.5196401381864
10.9322566056205
8.41360947664613
6.08691696613389
5.02383829217004
4.45961027541287
4.44941133902226
4.3681004210872
4.42520952504912
3.35333257034904
-2.06038396960751
-8.94409726394306
-13.3253531384647
-10.6506348651164
-6.49406562684652
-2.43201291628387
-1.34109087223702
-1.42118290400954
-1.11344209342393
-0.619690824661575
-0.317936999091589
0.516693969805441
5.94773751860856
10.6969708255225
13.1087028561732
10.8447516408138
8.51865200214351
6.43251654493683
5.49377680810183
5.01921178535533
5.08638791787859
5.07485767385512