-7.63765322783534
-12.7998314673205
-7.60121083140927
-2.89439080219129
0.790165036582118
3.78396899917445
5.11587416304138
5.43582128783776
4.93461256015714
4.24387396106396
5.20766805248368
9.9660283668803
14.0240943245284
14.2753622099056
8.94825174530122
5.64352376837307
4.66173946890066
5.11161639405461
5.30140115692429
4.77702059515641
4.56717472484332
4.44184315003285
4.02250676224716
0.328307362323351
-6.59763106692522
-11.8572727008745
-8.81149723003643
-5.27122864001019
-2.18391289800131
0.663665266427855
2.68504030240199
3.32739174602416
3.84097290006859
4.19024391179778
6.51071191267698
9.29690909597023
10.7672576423872
8.46674150808433
5.09567379810493
4.62997114813028
5.47947525670336
6.81830823267059
6.92381127301119
6.99603434897369
7.14015751941299
6.97710589428189
3.94124992464913
-2.45728311804968
-7.55688158460304
-7.5517569032898
-4.78367414083494
-2.77258370088156
-1.1462822371257
0.426069676882295
1.05390011452189
2.28672854941741
4.45169477161143
6.06013383026233
8.14991685967192
9.29661601537623
7.95174943660858
5.5011374367892
4.57526618908843
5.61304484861204
7.43934359640308
8.45380531037011
8.72402042922219
8.99871805470731
6.78438564048105
1.43156808326949
-5.37085695776972
-11.0030691620815
-11.4581103293767
-9.75189653839629
-7.77373098454792
-5.01255555967753
-2.25824316794899
-0.856107172043148
0.463059879525201
2.36241933774507
4.22717121538086
6.60552180705746
8.22231018797541
8.18225712766809
6.38874620278285
5.53300782442758
6.55161702758861
8.18470677158748
9.71215638390015
9.92349676305389
10.3051954931468
10.7241015016475
9.29827082424706
4.856137395816
-0.883381158423404
-5.99576384159291
-7.57758140391434
-5.25599021722273
0.564666375984202
7.72133302060947
16.5787772706726
25.8648907418049
34.7050719717298
42.099681470269
48.73799597104
49.4702028237898
46.6011886926534
43.5683057729997
40.9192272994126
43.4599308499817
51.8024566848862
60.9297701694357
66.5847880891876