-7.50517568321342
-14.1679559623469
-8.50859928025957
-3.51640954674748
0.619289591690721
4.00259838894154
5.58225941561232
6.01515647695481
5.7346527319478
4.98607085641139
4.67553103610272
6.35132728191267
8.99305014746096
9.64405591444525
8.21000963955262
6.95599060633938
5.80062694144457
5.87070797168574
6.24788549547299
6.50076880629284
6.72544743401078
7.11207372049812
7.8644837561642
4.86020977715426
-2.47204610611127
-9.00510243406504
-6.08941563357804
-1.29503067464249
3.15395434230141
6.45917849557171
7.54664420287685
7.95519671085492
7.52818884799957
6.84338440883427
7.42897294457835
11.1940149159498
15.6320697268953
16.1583425321145
11.5007940916652
7.91921316665864
5.67990365380342
4.96068765758832
4.43459134842852
3.76745423312948
3.54076215820077
3.62452618955705
2.06208902974748
-3.83976546474265
-10.4317842980432
-13.3789617292121
-8.39554496367677
-4.96097880473476
-2.18930505950997
-0.826908907870153
-0.923241365028419
-1.42388100627953
-2.00698142295933
-2.89842228244863
-4.16225502182843
-0.598998423425987
4.61572347527062
6.44308398700287
1.86737327886393
-1.91305589773531
-3.80246015442999
-4.62037669784344
-5.20951702471567
-5.69279124963704
-5.76347421919497
-5.53407140347101
-6.97244189389423
-13.2582089074037
-21.4474617181605
-26.9557658471147
-19.2517276567015
-12.486090155503
-6.12231860915083
-1.65899611310508
-0.0084856290407696
0.769477619801888
0.871390411075341
0.551596996722096
0.4405492464722
4.67720127295905
9.46375183462913
10.4832449685317
5.96372694911319
2.39432372985067
-0.0541989380365548
-1.19529203558142
-2.02897748090489
-2.61881834185541
-2.75733298161055
-2.77809237284999
-5.32587724272831
-11.3690782224913
-18.2217257542572
-20.5883576290305
-14.682441578745
-10.3447967082067
-6.3908174329657
-4.44195589160724
-4.07129595279492
-4.37236417026008
-4.63892003344711
-5.25589123238858
-6.38715297791289
-3.89791042705947
1.07387528413406
2.96359894604472
0.306774235729413
-2.36677350193655
-4.10875910549456
-5.21395210078253
-5.77780830697826
-5.95470660088141
-5.99686241684323
-5.74125826538595
-6.40194226013182
-11.4328666278557
-19.7524266283384
-26.7533169401534
-20.991391728474
-13.2616323914821
-7.2463665878571
-3.30591152890733
-1.60198325383988
-0.840166692986047
-1.00807056398747
-1.17179040360251
-1.96938829610036
-1.20371090389262
2.87043130713346
5.47250433559254
4.3747111703815
1.75033820381161
0.191840259932667
-1.06509662158133
-1.84626192290745
-1.97895901469231
-1.70679027832371
-1.3813790713748
-2.8515339133832
-7.3516457826069
-13.921933896764
-18.7030287010264
-14.54949856948
-9.04868304938541
-5.62698602458216
-4.16760722837043
-3.93733169849741
-4.01803289990932
-4.66664708077145
-5.63216858536745
-6.67401464559914
-8.24002791501482
-7.32801600602847
-6.00305270659399
-5.35102485100319
-6.01838993277423
-7.21223595332994
-8.3945207737326
-8.73109250232023
-8.75125015177048
-8.69975408538096
-8.77778169549865
-9.52411542600483
-12.2448487432088
-14.1825194102752
-15.78313908444
-13.0704796066905
-7.74502228288628
-4.21342751644951
-4.22729958791967
-7.87379520243621
-11.7000046444968
-15.5890402299109
-16.4862308028356
-16.3083484506229
-15.583416666449
-16.8037118047922
-20.0080752856462
-26.7230822555893
-35.7575519878272
-45.6131018798052
-55.0647982078482
-64.3485679017362
-73.662787748281
-86.9960064231955
-104.467007768044