2.1362158631208574
2.078903601278084
2.021591339435311
1.9642790775925376
1.9069668157497643
1.849654553906991
1.7923422920642176
1.7350300302214443
1.677717768378671
1.6204055065358978
1.5630932446931245
1.505780982850351
1.4484687210075777
1.3911564591648045
1.3338441973220312
1.276531935479258
1.2192196736364846
1.1619074117937114
1.104595149950938
1.0472828881081648
0.9899706262653916
0.9326583644226181
0.8753461025798448
0.8180338407370715
0.7607215788942983
0.703409317051525
0.6460970552087517
0.5887847933659784
0.531472531523205
0.4741602696804317
0.4168480078376584
0.35953574599488514
0.30222348415211187
0.2449112223093386
0.18759896046656532
0.13028669862379205
0.07297443678101878
0.01566217493824551
-0.04165008690452776
-0.09896234874730103
-0.1562746105900743
-0.21358687243284802
-0.2708991342756213
-0.32821139611839456
-0.38552365796116783
-0.4428359198039411
-0.5001481816467144
-0.5574604434894876
-0.6147727053322609
-0.6720849671750342
-0.7293972290178075
-0.7867094908605807
-0.844021752703354
-0.9013340145461273
-0.9586462763889005
-1.0159585382316738
-1.0732708000744475
-1.1305830619172208
-1.187895323759994
-1.2452075856027673
-1.3025198474455406
-1.3598321092883139
-1.4171443711310872
-1.4744566329738604
-1.5317688948166337
-1.589081156659407
-1.6463934185021802
-1.7037056803449535
-1.7610179421877268
-1.8183302040305
-1.8756424658732733
-1.932954727716047
-1.9902669895588199
-2.0475792514015936
-2.1048915132443664
-2.1622037750871397
-2.1160634191709105
-2.0113027961698946
-1.9388309314237837
-1.896470888574865
-1.8513053828794241
-1.7922027386861275
-1.7275546636675767
-1.6898884268911454
-1.680338756552405
-1.690269651921306
-1.717905376138617
-1.7704685703818974
-1.8375415257547907
-1.9063669315656102
-1.9609200391702415
-2.013259721393976
-2.0956931615230205
-2.235366642986456
-2.4082062520416048
-2.551456870721306
-2.6553391975418768
-2.7228991682142563
-2.7685728391837103
-2.7657461551299787
-2.6957552523923196
-2.5794336953902848
-2.4910719592935755
-2.4407859903661135
-2.398145235072544
-2.343473363001228
-2.279922282661045
-2.243036773696569
-2.238244443707777
-2.2668510960422767
-2.3253771866370028
-2.4096901734514224
-2.5087100923185774
-2.5955942886100045
-2.6565214672959376
-2.70047302122097
-2.8047246469128875
-2.981258388571659
-3.196467228559808
-3.368171601112782
-3.492745358625503
-3.5739259006904964
-3.6104975955559917
-3.5761846945826545
-3.479399747966153
-3.372234914327115
-3.296888786180833
-3.245456711069439
-3.1848081259180665
-3.1027006530178154
-3.010783194639195
-2.9501796080083054
-2.91838580516953
-2.9095482341501717
-2.936890515220047
-3.0030392640782106
-3.090974372343947
-3.1693187154939224
-3.221111756482084
-3.2555843290122297
-3.3307311146716807
-3.467351047167033
-3.6413860349062994
-3.7765323618809887
-3.866994169621224
-3.916322453908416
-3.9200133521188407
-3.8514850861200816
-3.7097341329947
-3.5505211072367935
-3.426174329157096
-3.329488856582247
-3.237605874049071
-3.1369497151468497
-3.0372833530209955
-2.972386658697761
-2.935667046046028
-2.9228069445129736
-2.9407989678175284
-2.9959375648265003
-3.0752944055095437
-3.1495268113520254
-3.1978780157323485
-3.229900925808238
-3.306445486039611
-3.447429418939371
-3.6245669120374977
-3.7604574398016095
-3.8527001751054324
-3.9056786097633625
-3.923702079442324
-3.869224258714449
-3.7354548069645857
-3.5681130674400556
-3.438160571302367
-3.332874034814019
-3.2344009268936538
-3.133511365885771
-3.0387959847645094
-2.980210225842369
-2.952669123039055
-2.949103731434997
-2.9673828734552266
-3.0266115361096513
-3.1169680576725196
-3.213986678913639
-3.2830613948940592
-3.334540038553873
-3.4269888201659913
-3.5853666124971055
-3.7749892065982045
-3.9218621302529417
-4.0241659413388575
-4.086262153599645
-4.1166964197317775
-4.071393665018882
-3.9383917420264085
-3.7615707366895963
-3.6228027798799673
-3.5080675775284047
-3.4042148814740867
-3.3049540964741104
-3.2166782028414103
-3.166969471213979
-3.1495134369093383
-3.1558132135924866
-3.182131074676928
-3.247518538332845
-3.3449874591129114
-3.4535957249053815
-3.5309679160817256
-3.5905240301585204
-3.6854490107614786
-3.841746924753415
-4.0211229377674975
-4.157688669623751
-4.250763979164046
-4.304826887428335
-4.324504842867543
-4.281003747024915
-4.1632091002810405
-4.00315292301974
-3.876261070886717
-3.778128929195934
-3.684121721209088
-3.5880881805114706
-3.496331527195093
-3.4408560992263646
-3.4190336183680996
-3.4210196252546097
-3.4384181561069984
-3.495322356070075
-3.584122661128053
-3.68438605823833
-3.758178729416416
-3.8147593001203925
-3.9097150607884967
-4.07065533262365
-4.2650706918458035
-4.422201474785713
-4.537470309066233
-4.61367327798824
-4.651308514888344
-4.627553774696835
-4.529349510711851
-4.384508672890404
-4.263080631143314
-4.170810474597327
-4.081197052381988
-3.9843003730325854
-3.883767579256532
-3.8183669190857152
-3.788378640182956
-3.7838845659964373
-3.7882026057551954
-3.824542295704387
-3.8951205118705006
-3.982880729268453
-4.0491807439078435
-4.1025029786620255
-4.184713753290579
-4.323241363281629
-4.495274618869794
-4.637134975368577
-4.739501731266428
-4.803535172635212
-4.8395505824118725
-4.7929689068125505
-4.6568048402983555
-4.469951776201029
-4.319684249825047
-4.213338518300678
-4.115757793598775
-4.013957313406602
-3.9088943626316857
-3.8372729908483594
-3.8012408254832346
-3.78938767065172
-3.7934826718210983
-3.8314772444494163
-3.8988911210690222
-3.9823050639059514
-4.037578314176092
-4.0763625922956415
-4.137720079949873
-4.250194330255615
-4.395165610636557
-4.512069156373347
-4.590383772022536
-4.628887610919258
-4.636326568620847
-4.575952626596283
-4.436550951230134
-4.246849485883664
-4.088707774068608
-3.973268898677711
-3.8746480829034904
-3.7745459256388405
-3.6703178938317316
-3.594321679247167
-3.5498985250516966
-3.5281410879890376
-3.527965134430614
-3.5608693121767607
-3.621329704790948
-3.6913369191803103
-3.733023173710294
-3.7500130572905177
-3.7845519133831367
-3.8836978945228946
-4.036529919474631
-4.163439995470912
-4.240336801018651
-4.275973033357559
-4.278650186481225
-4.210798907719871
-4.06266661580538
-3.866895052514074
-3.707040177463467
-3.59034104260464
-3.4876069045362206
-3.380635625761171
-3.2607190978856004
-3.173725003834378
-3.1295355538528202
-3.1136382442351236
-3.132533067994624
-3.1917365058117153
-3.281869418336012
-3.3812168022845577
-3.4539257283899922
-3.502959900202093
-3.5710382454984635
-3.7032558180263435
-3.892099723692182
-4.054076612198774
-4.16581119599307
-4.230234972514382
-4.249896363419541
-4.188436826249696
-4.043859466572532
-3.8550300209182398
-3.7022228229209655
-3.584995204301826
-3.4790067979943475
-3.3714380645328483
-3.257443713557754
-3.1776355146342437
-3.1344907173496375
-3.1162315825386253
-3.129896853263844
-3.1825977630014117
-3.2634490258278968
-3.3479221483894714
-3.4032880396852128
-3.433412724462692
-3.4847579226076224
-3.6009512416589358
-3.770315395223961
-3.91018661404099
-4.0010289689204885
-4.047063656058211
-4.049312672482237
-3.9757996520727477
-3.8199135141122653
-3.625583257157243
-3.4664306425295326
-3.3431538971376376
-3.2286466361880986
-3.108115321277395
-2.979285714492398
-2.8892894506392164
-2.838930400844442
-2.8149150429100613
-2.816215582532645
-2.8619383559823763
-2.9413171079282594
-3.0311036111802747
-3.0944784838107013
-3.139811027679069
-3.2206437314161747
-3.3644203510002835
-3.5460487902536104
-3.6908514749035137
-3.791145149428519
-3.8496735072116546
-3.8668530135657257
-3.810965926317442
-3.671282895497297
-3.4853643254968785
-3.3323556010747444
-3.211598915253387
-3.1028960053125707
-2.994578986613126
-2.885143501085006
-2.8127308323646165
-2.7752918831776068
-2.762337035577892
-2.7655099183165817
-2.8094070109652476
-2.8864063507022584
-2.9782000594458733
-3.0421699432468676
-3.0869453460801135
-3.158145486086481
-3.285233732729701
-3.4473915275626568
-3.578240967718546
-3.6702107621934434
-3.7245290713571184
-3.7405757066334524
-3.696405822040212
-3.577577979357666
-3.411507651563322
-3.270773946632535
-3.162175718651769
-3.057518727130919
-2.951648219729727
-2.8429415642112166
-2.7680241721105956
-2.7288326540004206
-2.7144683221736545
-2.710936804936884
-2.747512261949009
-2.821320102171575
-2.9117938051471453
-2.9758889050743056
-3.0206101175662647
-3.0890960459838372
-3.2118482148765515
-3.3700350143162083
-3.5029907075599414
-3.599446273737173
-3.6589028953928513
-3.681851616331563
-3.648090039040802
-3.5414276915329728
-3.3853615309342358
-3.249378656455808
-3.148022389233547
-3.05960836160411
-2.9668239661482234
-2.869155211967986
-2.800663473330287
-2.7655584346937703
-2.7555383086213094
-2.7566688092339358
-2.7896102407007453
-2.8564748221456444
-2.9420830454213505
-3.0090123923713783
-3.0511732242848315
-3.113710953617438
-3.240518822701379
-3.421977503738619
-3.5794587226122627
-3.687989430408985
-3.7539885862056446
-3.791213411764745
-3.775350236683573
-3.6772050161714875
-3.511567331460394
-3.3656449455723596
-3.2659264663771532
-3.1782304607630985
-3.085485362752371
-2.9804566238878287
-2.9119878390564975
-2.8874087221518865
-2.8929883266410372
-2.9154390693813372
-2.9737515790734785
-3.0676366347758117
-3.188978510409606
-3.2866822040790624
-3.3495206766636967
-3.437975300265452
-3.5865325872027576
-3.781477609573047
-3.9393729684513255
-4.041527007745678
-4.0945380657307995
-4.109236715376611
-4.0614328696036015
-3.9288906887633024
-3.7245783262007692
-3.5386065747571727
-3.3918265953237126
-3.262860014690052
-3.1454859097969767
-3.0338262702906134
-2.9572027676565105
-2.9157647454936058
-2.901420169337309
-2.9061176287739396
-2.948630368196859
-3.022548170350088
-3.1160453154413728
-3.1833796895794415
-3.2239611096963916
-3.311112572442993
-3.4626566708513153
-3.6408397197059568
-3.7721453702468946
-3.8552119154154214
-3.895817297112802
-3.908240940191897
-3.8655132223377193
-3.739120918162256
-3.5463588473886323
-3.3772610602717688
-3.2424089043080606
-3.1255511981937576
-3.0186129332338294
-2.920954014640647
-2.861688451402791
-2.8344707677292855
-2.8350841999288794
-2.851776856395115
-2.9068586305381654
-2.9959125233568327
-3.1056383309555278
-3.184538168634153
-3.2359914520827635
-3.315180294869585
-3.298586241271315
-3.2819921876730422
-3.2653981340747698
-3.2488040804764973
-3.2322100268782243
-3.215615973279952
-3.1990219196816794
-3.1824278660834064
-3.165833812485134
-3.1492397588868615
-3.1326457052885885
-3.116051651690316
-3.0994575980920436
-3.0828635444937706
-3.066269490895498
-3.0496754372972257
-3.0330813836989527
-3.0164873301006803
-2.999893276502408
-2.983299222904135
-2.9667051693058624
-2.95011111570759
-2.933517062109317
-2.9169230085110445
-2.900328954912772
-2.883734901314499
-2.8671408477162266
-2.850546794117954
-2.833952740519681
-2.8173586869214087
-2.800764633323136
-2.7841705797248633
-2.7675765261265908
-2.7509824725283183
-2.7343884189300454
-2.717794365331773
-2.7012003117335004
-2.6846062581352275
-2.668012204536955
-2.6514181509386825
-2.6348240973404096
-2.618230043742137
-2.6016359901438646
-2.5850419365455917
-2.568447882947319
-2.5518538293490463
-2.5352597757507738
-2.5186657221525013
-2.5020716685542284
-2.485477614955956
-2.4688835613576834
-2.4522895077594105
-2.435695454161138
-2.4191014005628655
-2.4025073469645926
-2.38591329336632
-2.3693192397680476
-2.3527251861697747
-2.336131132571502
-2.3195370789732297
-2.3029430253749568
-2.2863489717766843
-2.269754918178412
-2.253160864580139
-2.2365668109818664
-2.219972757383594
-2.203378703785321
-2.1867846501870485
-2.1701905965887756
-2.153596542990503
-2.1370024893922306
-2.1204084357939577
-2.103814382195685
-2.0872203285974127
-2.0706262749991398
