0.6394180292166936
0.8036453945753453
0.9678727599339971
1.132100125292649
1.2963274906513007
1.4605548560099524
1.6247822213686043
1.7890095867272562
1.9532369520859079
2.1174643174445595
2.2816916828032117
2.4459190481618633
2.610146413520515
2.7743737788791667
2.938601144237819
3.1028285095964705
3.267055874955122
3.431283240313774
3.5955106056724255
3.7597379710310777
3.9239653363897293
4.0881927017483815
4.252420067107034
4.416647432465681
4.4946348839225045
4.574127898056625
4.47050316510019
4.366691773250631
4.2479626584330665
4.116220031870268
3.979854748391919
3.832229262392276
3.6799200339193536
3.531131687549764
3.369983744601863
3.146290504096733
2.9422043642906273
2.835218567712444
2.7976244048922374
2.6893559511161635
2.5252350396442513
2.319422951854555
2.0881833307201627
1.839028313039131
1.5748104687061986
1.3008626402020906
1.0157869985077241
0.7640284523152031
0.5345356267557901
0.2698045781580141
-0.17416032000234044
-0.5562177025993404
-0.8889846068079451
-1.156676034567999
-1.3525407221420827
-1.5219807719270972
-1.6657831384844948
-1.7928468405644717
-1.9391739883912003
-2.1679711302949793
-2.401053437825538
-2.543491537772035
-2.5651415191153
-2.6067476088503105
-2.6766535646790928
-2.7833532794796216
-2.903138032330897
-3.0264663666720533
-3.1575212709285685
-3.2933055086129857
-3.396288091646974
-3.427907491178584
-3.4478499151030118
-3.550887447550779
-3.8103089936221357
-4.017148627111715
-4.190669726020156
-4.309050758468998
-4.383917024991951
-4.4402450025773845
-4.490572295073146
-4.527604162115665
-4.550873017659499
-4.674025242223051
-4.855166389081138
-4.969404872120898
-4.946080921755349
-4.89885049338376
-4.868303968862623
-4.857418488174352
-4.857512851494921
-4.859321725055372
-4.863390499133808
-4.873237116439599
-4.8470417200883595
-4.701163706316617
-4.488087215033536
-4.3348246784638285
-4.494432961090464
-4.6753968243451665
-4.827297117586256
-4.946177340453322
-5.016335338322823
-5.066791952655626
-5.103208061252676
-5.136392477437987
-5.170697576375746
-5.312114375717435
-5.539081668026409
-5.701056426779564
-5.711507971748088
-5.669372068758072
-5.630977661484705
-5.601464208388661
-5.580956104998798
-5.564518734382883
-5.547957586150581
-5.5251639245649145
-5.441238431557394
-5.260014084555093
-5.028735787285938
-4.886896984471758
-4.972441391328809
-5.0619031330580295
-5.118453465322277
-5.1436668724068495
-5.145716048482924
-5.1364600384454215
-5.1232496739020625
-5.110712564293188
-5.094649066579458
-5.153715113782428
-5.351883266955807
-5.570853797850983
-5.705105434921692
-5.768600144476302
-5.809230587609913
-5.851747265323686
-5.907421998658884
-5.96649403911503
-6.025098033475183
-6.088044753049548
-6.138594528270118
-6.097982800571164
-5.938247100887555
-5.670783323656103
-5.5599694376128275
-5.555902357085345
-5.566512052724263
-5.585820903523034
-5.6416786978651565
-5.791330368278991
-6.018818327438764
-6.325568323743197
-6.6344373132482035
-6.955812580199909
-7.3484476434676225
-7.822409689007724
-8.341192379561504
-8.947009836144503
-9.711890522267051
-10.659720421378202
-11.792029704036516
-13.11904265908
-14.650021328653558
-16.47160914464974
-18.633640503259546
-19.72125676198189
-20.80887302070422
-21.896489279426547
-22.984105538148874
-24.071721796871202
-25.15933805559353
-26.246954314315857
-27.334570573038185
-28.422186831760513
-29.50980309048284
-30.59741934920517
-31.685035607927496
-32.772651866649824
-33.86026812537215
-34.94788438409448
-36.03550064281681
-37.123116901539134
-38.21073316026146
-39.29834941898379
-40.38596567770612
-41.473581936428445
-42.56119819515077
-43.6488144538731
