1.5535150804861404
1.5369382997683783
1.5203615190506161
1.503784738332854
1.4872079576150918
1.4706311768973297
1.4540543961795676
1.4374776154618054
1.4209008347440433
1.4043240540262811
1.387747273308519
1.3711704925907569
1.3545937118729947
1.3380169311552323
1.3214401504374702
1.304863369719708
1.288286589001946
1.2717098082841838
1.2551330275664216
1.2385562468486595
1.2219794661308974
1.2054026854131352
1.188825904695373
1.172249123977611
1.1556723432598488
1.1390955625420867
1.1225187818243245
1.1059420011065624
1.0893652203888002
1.072788439671038
1.0562116589532757
1.0396348782355136
1.0230580975177515
1.0064813167999893
0.9899045360822273
0.9733277553644651
0.956750974646703
0.9401741939289409
0.9235974132111786
0.9070206324934165
0.8904438517756543
0.8738670710578922
0.85729029034013
0.8407135096223679
0.8241367289046058
0.8075599481868436
0.7909831674690815
0.7744063867513193
0.7578296060335572
0.741252825315795
0.7246760445980328
0.7080992638802707
0.6915224831625085
0.6749457024447464
0.6583689217269842
0.6417921410092221
0.62521536029146
0.6086385795736978
0.5920617988559357
0.5754850181381734
0.5589082374204113
0.5423314567026492
0.525754675984887
0.5091778952671249
0.49260111454936273
0.4760243338316006
0.45944755311383845
0.4428707723960763
0.42629399167831417
0.409717210960552
0.3931404302427899
0.37656364952502774
0.3599868688072656
0.34341008808950346
0.3268333073717413
0.31025652665397946
0.3436377433570498
0.42309131395157007
0.47090543486666314
0.4852470437276418
0.4783798821756658
0.4926568192755498
0.5344682486846216
0.590872614199056
0.6312773478833166
0.6540860792632635
0.6517666927876713
0.6255118747834877
0.5748630961902692
0.5167955037261628
0.468772431614091
0.4319613319657157
0.4057094412915873
0.35537897733973944
0.2558168983545587
0.11487454001102736
-0.012680084930000807
-0.11177913417188243
-0.16977894216874934
-0.18199094920752487
-0.15033166646368068
-0.08534413337909408
-0.03001877507000853
0.00395186199574462
0.014680152322077235
0.0523102940784167
0.1246340378250819
0.2161581699221622
0.29272416838588083
0.3461836631130852
0.3801624974025476
0.3690733806128558
0.32303983146888826
0.2590696519265552
0.20918881150193475
0.1748000010708145
0.15364972288814527
0.12272574604125103
0.0489537626159349
-0.07052392606133785
-0.19154697470374726
-0.28849411175540896
-0.35423114328121086
-0.3764915356065591
-0.3502772947341918
-0.28128504418333766
-0.22131427333429718
-0.18595979280549366
-0.18019657848623277
-0.16918228813502542
-0.12243643213537443
-0.049607669609294476
0.024049859114860614
0.08145791489503802
0.12420636803247699
0.12240267152498736
0.08444695560620687
0.024382593315055226
-0.024535913393449335
-0.05237627840364274
-0.06715723524832995
-0.07264167965442507
-0.11749789347221071
-0.2187649246981565
-0.3486665358709705
-0.4535001921150547
-0.5245064281684317
-0.5545685442807645
-0.5322219444257336
-0.4636995323718565
-0.38564934222495006
-0.32683108732591337
-0.29696362827499134
-0.27117901905229136
-0.20559632126195834
-0.10638672428561949
0.003526749085645743
0.09322095244952633
0.16145379935440976
0.19803036585834574
0.19042731028052196
0.14816809026853345
0.09924130647555288
0.06385403720287258
0.04320276375141658
0.03357520761982742
-0.012210207089924964
-0.11125044519219915
-0.24207527278489002
-0.3490638529484475
-0.4227366673891577
-0.4631610314712445
-0.44970320777689676
-0.3787902482377733
-0.27322712161877394
-0.18633368323715052
-0.13157646974240625
-0.0993623147557464
-0.04136716908801985
0.047633147652758126
0.1504127334616516
0.2317740606086351
0.29299116877011283
0.33063853896446416
0.32141397833051377
0.27272984476173406
0.20579753093777003
0.1551329501417748
0.12377483456880832
0.10231930103833846
0.05254376206607761
-0.03856558950876456
-0.15812576054312044
-0.25633070233724675
-0.32559447847465917
-0.35881377429554273
-0.3473511219958848
-0.2878788729081396
-0.19399832829111108
-0.11758026344405723
-0.0698034660031861
-0.04605252523607649
-0.0020612015217674057
0.07223029532532488
0.15861184148327145
0.22717515676722702
0.2786682051211738
0.31153738962474553
0.3052138562140878
0.26285425769988974
0.2026389018449347
0.15998850748691304
0.13693784187667984
0.12298045893591736
0.08032271012656014
-0.004393014059338354
-0.11931260280461062
-0.21692297357507967
-0.2880717566297202
-0.32419874321407416
-0.31987856943147674
-0.27012564112269827
-0.18477691932155726
-0.11295473703642678
-0.06578361466217396
-0.04632698916215277
0.0006309444762406316
0.08053915390745049
0.1770447426957475
0.25693225898806876
0.3179006039499139
0.3580860820595716
0.3579266160925855
0.3212011796220087
0.26588105644723165
0.22284738231293127
0.19564950213612786
0.18305636776355289
0.1497162848812283
0.06957227053034246
-0.05318306869729792
-0.1647259793466096
-0.2482739627552139
-0.2999780510790244
-0.3101684299718155
-0.2699753890820804
-0.18608987215269795
-0.11156897473379557
-0.06220692916880794
-0.03760021826267021
0.01762289588134728
0.10514592483676853
0.20882942698442397
0.29131568561928367
0.3509220881455225
0.3936760346130894
0.39399851839084765
0.3565633069935206
0.2988272759694054
0.25338330405499665
0.22899455022650855
0.2183784531236943
0.1860885283415269
0.10988629701461922
-0.007701194233448621
-0.11328027821000322
-0.1904300748347503
-0.23661353992610665
-0.25551550819208807
-0.2295062265942328
-0.157030730619223
-0.08034249638380259
-0.025838866197438633
-8.50516147226886e-05
0.04807956972571617
0.12991931657823844
0.2309095182026101
0.317709618862844
0.38154106486464656
0.4302472946810769
0.45330903069221296
0.4363575735441402
0.39107233555883686
0.3415758555762154
0.30591028978300877
0.28416321022312396
0.25697702363790526
0.18818449484927408
0.07728919689006838
-0.03256995985207818
-0.11843224329717017
-0.1752761877120933
-0.22232484214608722
-0.2264876474273813
-0.17301954602874084
-0.08755077182773575
-0.023607353558507523
0.00690884371682186
0.031157902846897727
0.08169209511863926
0.15768363542654643
0.23355432578258542
0.2921844765076784
0.3376005115995544
0.3636145895077515
0.3452686031855976
0.2914354292183
0.22348465551490282
0.1724863409161025
0.14303413574373064
0.13036480393750963
0.07484647849924486
-0.03186119889081902
-0.15327665903211027
-0.24496976238651125
-0.30325033893399295
-0.34105612839179933
-0.33430254730698594
-0.271307075621919
-0.1733075563931347
-0.09463413308617798
-0.04738629928678878
-0.01877604314497762
0.03630338623166336
0.12236039964491857
0.2148672029058804
0.2911851002178032
0.3488002709842054
0.3845784151055107
0.3775755180595095
0.33415043856690735
0.27291657930977553
0.22891221891715857
0.20389830166284043
0.19609837785677742
0.15830450845978802
0.07247620908906541
-0.047049124468077304
-0.14728467794000016
-0.21764743399934866
-0.2519554816304918
-0.24086933451122394
-0.18324777237151302
-0.09367298518615402
-0.02185470176298685
0.021595409303101304
0.04630653490133651
0.0962698088403482
0.17967807022663712
0.27577692673041243
0.3513092235310406
0.40774138915424757
0.438743464687392
0.4292727201774753
0.3827270551956481
0.31923571365672937
0.2679273855486749
0.23119409175058772
0.2028383528725222
0.13448769166132032
0.019039117771557385
-0.12337649714637627
-0.2382532899592309
-0.319462346154621
-0.36424263785212174
-0.36260342001897516
-0.31456529223684615
-0.2337564949603897
-0.1664918978656405
-0.12402108132067796
-0.09701276279439325
-0.044972166624940156
0.04059483704528627
0.13866197604980807
0.2170326890236567
0.27819428368259586
0.3217230673423258
0.322256191571805
0.2869903263093387
0.23293046807458734
0.19250822028772074
0.1697439829029356
0.15221160545178036
0.10533525080127862
0.016742897711790276
-0.09692273576639736
-0.1927656307214351
-0.2601390356817581
-0.3057486628201966
-0.31819577822841033
-0.2802601402654618
-0.19816471364582516
-0.12402668558031857
-0.07627522750095281
-0.0581210081454389
-0.016000401809513336
0.062154918928837295
0.15424204683901946
0.23083037592391306
0.2923590330922968
0.3338585227927532
0.32770052939437355
0.28759635339103906
0.23043022665575397
0.19208615358732883
0.17585249417840274
0.175475188880092
0.1519261700425827
0.08260985544842325
-0.024291385579844928
-0.11680638115169434
-0.18258129342070015
-0.220297247271741
-0.2202321523606588
-0.17268508201343388
-0.08185138875164269
0.00014678684255377966
0.05570572151771212
0.08797244593870915
0.14330073970203488
0.23247736341306807
0.33653321582150536
0.42255294287629935
0.49039224061730086
0.5405957344391182
0.5481673205341738
0.5180904254282515
0.46686499640909956
0.425476016481784
0.4041826867096517
0.3948836519577795
0.3394268485028282
0.2356467600452894
0.10552881740490132
0.007776426005171616
-0.050922405814126784
-0.07867970607588824
-0.07793093043220195
-0.030174475419272484
0.06311409128787782
0.1581647947754092
0.22977890868901343
0.2860466390834804
0.3636643764638279
0.4732210687730154
0.5944613318764644
0.6935692243365534
0.771691291562907
0.8297787318109692
0.8582004367266467
0.8470368846825782
0.8069340025592342
0.7617742309114773
0.7293073232860975
0.7005068897205647
0.6420983641174066
0.5419629829763232
0.4184953376815694
0.3164715383230452
0.24397908818451458
0.19510721909557785
0.15191476547909863
0.15998894818953108
0.22617486744924928
0.3111719456739003
0.3688607974683324
0.4002243758229754
0.44883624202842587
0.5283583371063636
0.6210722773301312
0.6988398918355637
0.7591445132008015
0.8056355689275994
0.8325452638890463
0.8174521184557317
0.7713591383253029
0.7158586649821534
0.6742676610294829
0.6445083863565384
0.5911436864774539
0.49933059540026675
0.3859689458285052
0.2916284155391788
0.22670204896164697
0.18682493255980345
0.152037813073455
0.15582648236307012
0.21511194113016763
0.31267738718296323
0.3941960906007774
0.4512571525698204
0.516260486406782
0.6064662028775764
0.7127334884828979
0.799231785601561
0.866216076905761
0.9170942875956596
0.9502556302010194
0.9457519294141762
0.908097875506675
0.8552565957226065
0.8202859585430367
0.7956722449372436
0.7527297457449154
0.6723298989219205
0.5681906371040939
0.4831430022248009
0.42697266904099873
0.39784277980373245
0.3801745923366011
0.4077491975246154
0.48713592720809284
0.5961844903534206
0.6796030107262266
0.7341282012576839
0.7941769127620744
0.8761220102056839
0.973723888402409
1.0537960480907502
1.1152697835632674
1.1619308823595094
1.191423339156215
1.186450752107298
1.1495734939879068
1.0989090196773774
1.1109878743991581
1.1230667291209389
1.1351455838427194
1.1472244385644998
1.1593032932862803
1.1713821480080608
1.1834610027298413
1.195539857451622
1.2076187121734026
1.219697566895183
1.2317764216169635
1.2438552763387443
1.2559341310605248
1.2680129857823053
1.2800918405040858
1.2921706952258663
1.304249549947647
1.3163284046694275
1.328407259391208
1.3404861141129885
1.352564968834769
1.3646438235565495
1.3767226782783302
1.3888015330001107
1.4008803877218912
1.4129592424436717
1.4250380971654522
1.4371169518872329
1.4491958066090134
1.4612746613307939
1.4733535160525744
1.4854323707743549
1.4975112254961354
1.509590080217916
1.5216689349396966
1.533747789661477
1.5458266443832576
1.557905499105038
1.5699843538268186
1.5820632085485993
1.5941420632703798
1.6062209179921603
1.6182997727139408
1.6303786274357213
1.642457482157502
1.6545363368792825
1.666615191601063
1.6786940463228435
1.690772901044624
1.7028517557664045
1.7149306104881852
1.7270094652099657
1.7390883199317462
1.7511671746535267
1.7632460293753072
1.7753248840970879
1.7874037388188684
1.7994825935406489
1.8115614482624294
1.8236403029842099
1.8357191577059904
1.847798012427771
1.8598768671495516
1.871955721871332
1.8840345765931126
1.896113431314893
1.9081922860366738
1.9202711407584543
1.9323499954802348
1.9444288502020153
1.9565077049237958
1.9685865596455763
1.980665414367357
1.9927442690891375
2.004823123810918
