-8.83030068603007
-14.7356420176512
-10.0292038839912
-4.57068289820814
-1.18130092254536
1.0257521603291
1.79372667709618
1.82782249996409
1.53315752267239
1.41410756429084
2.06476452900984
3.9851909885594
9.49381314099606
12.7362669588844
8.37940102899349
4.7526633470257
4.08330768069047
4.34912351317022
5.48918369666035
6.03781068371886
6.28972385446116
6.33437013081736
5.19909253454269
-0.700818540416683
-6.93818360537607
-10.0807079412254
-6.01850730780997
-1.68611782389012
0.747420157988837
1.95019799182315
2.96283158854855
4.84320896185115
7.68832522520963
10.5431471068301
12.7587538242953
13.2707182670947
12.3866044238122
13.5965278575716
14.5860505133239
15.4528117250367
16.6463602459287
18.0835420604186
20.0153911748805
21.5576821159866
20.7587371809831
17.4188322543021
12.2882078757941
7.95236578702038
8.54110662068974
16.1804635861585