-7.600832894594323
-6.430826860191839
-5.260820825789356
-4.090814791386872
-2.920808756984389
-1.7508027225819056
-0.5807966881794222
0.5892093462230612
1.759215380625545
2.523968571645288
3.5573200183080984
4.283563363358629
4.732839468930904
4.979819292664987
5.057607818859855
4.883185209240903
4.373605476768245
3.6520384523994727
3.1746882788925106
2.839059568876249
2.468728476802862
1.9387966049281025
1.3209514579877824
0.9910088002019376
0.8428565920765418
0.8727607585425695
1.049448078158627
1.4031560129504281
1.961898078537181
2.53559186761473
3.0108629008070467
3.511843808405663
4.280693800998875
5.456470543026375
6.8485552974294865
7.977915470627925
8.868369284974436
9.615052409644058
10.126085590582054
10.247778660979632
10.147726251598453
10.112816191587878
10.060345235777946
9.973452627149058
9.753492856702458
9.41188236579924
9.13961127570662
8.988517575670107
8.90658318002633
8.83943891638122
8.847594264943941
8.923586707735684
8.709919043824367
8.300397272126235
7.847463216254501
7.500356327542102
7.573819507101042
7.614924454819478
7.239291526105272
6.32996549536104
4.851531370054722
3.0711795134559026
1.3225635231785269
-0.4260524670988488
-2.174668457376221
-3.9232844476535966
-5.671900437930969
-7.4205164282083445
-9.169132418485717
-10.917748408763092
