11.389698137734257
11.429033436956715
11.46836873617917
11.507704035401629
11.547039334624085
11.586374633846543
11.625709933068999
11.665045232291456
11.704380531513912
11.74371583073637
11.783051129958828
11.822386429181284
11.861721728403742
11.901057027626198
11.940392326848656
11.979727626071112
12.01906292529357
12.058398224516026
12.097733523738484
12.13706882296094
12.176404122183397
12.215739421405855
12.255074720628311
12.294410019850769
12.333745319073225
12.373080618295683
12.412415917518139
12.451751216740597
12.491086515963053
12.53042181518551
12.569757114407967
12.609092413630425
12.648427712852882
12.687763012075338
12.727098311297796
12.766433610520252
12.80576890974271
12.845104208965166
12.884439508187624
12.92377480741008
12.963110106632538
13.002445405854996
13.041780705077452
13.08111600429991
13.120451303522366
13.159786602744823
13.19912190196728
13.238457201189737
13.277792500412193
13.317127799634651
13.356463098857109
13.395798398079565
13.435133697302023
13.474468996524479
13.513804295746937
13.553139594969393
13.59247489419185
13.631810193414307
13.671145492636764
13.710480791859222
13.749816091081678
13.789151390304134
13.828486689526592
13.86782198874905
13.907157287971506
13.946492587193964
13.98582788641642
14.025163185638878
14.064498484861335
14.103833784083792
14.143169083306248
14.182504382528705
14.221839681751163
14.26117498097362
14.300510280196077
14.339845579418537
14.436176023976907
14.5199692095083
14.588177014993384
14.64509646314501
14.68837625661796
14.71797242326505
14.735461997746413
14.74111121162469
14.735856710279151
14.720591542012604
14.695949559752671
14.66513772686235
14.632174783632706
14.602273760283952
14.581616549255797
14.57150189950543
14.568771742954665
14.533193487013433
14.491795917579005
14.456900373189503
14.425722965382825
14.408637136999713
14.400178411341727
14.394585001777966
14.389572197167416
14.384044481675405
14.378531730001278
14.374373212548472
14.372472953719157
14.372736347012697
14.374775162923516
14.375310940077574
14.372845101524007
14.36933327082785
14.36481065219734
14.357551403563432
14.371372318697775
14.37942263278996
14.388005557502053
14.392811141399415
14.385592212539844
14.373411621416016
14.357231930221706
14.338671156788278
14.31897183418892
14.296929972554913
14.271772106827775
14.243863018061917
14.212786718253463
14.180007667856035
14.146843314524503
14.115677050755467
14.088516120109164
14.066535058717207
14.049222813484329
14.018824901746049
13.979528003323402
13.944760645659784
13.908070057486077
13.879394124962738
13.855719547799927
13.833049808828262
13.809874811484415
13.785637025767125
13.76120208765814
13.737993019208915
13.717023768509986
13.698325795849199
13.681478703365718
13.663622392443207
13.643409523088662
13.62294267893448
13.602478369379293
13.58069183525172
13.582868179355243
13.580635600572865
13.57983020190029
13.577222907071969
13.56535788507947
13.551114973116011
13.535816695013494
13.520621354330455
13.506208427750245
13.490802509211765
13.472976522819843
13.452690451112645
13.42918289577594
13.403304896550534
13.376033892155961
13.349343541927471
13.324633032673033
13.302825588746098
13.283609250432049
13.249752579623207
13.206323435886533
13.166822569021408
13.125551892619582
13.092493913435074
13.064753783873295
13.038219793976673
13.01139465223133
12.983754961189238
12.956200841049956
12.930182219860294
12.906738161603192
12.885871574631437
12.867118379784095
12.847502760007028
12.825622154452121
12.803583916404094
12.781524055905978
12.758481834088279
12.758692095998406
12.754325059641848
12.751491857276507
12.747071504207685
12.734428559862744
12.72067154186907
12.707377136452251
12.695796762895917
12.686513849403216
12.67751738428939
12.667050949815193
12.654704175475933
12.639582950059784
12.622125547532267
12.60301799577189
12.583875994247558
12.56574013357624
12.549286699237165
12.534147456474777
12.504580150147842
12.465810499625848
12.430789619724257
12.393819564671773
12.364724336357911
12.340713324067197
12.317982655895753
12.29518497145544
12.271812859075746
12.248699445901233
12.227227362852771
12.208417842231102
12.192253296384461
12.17834680891585
12.163713459215586
12.146894930553819
12.129898973407451
12.112863925616663
12.094534654625058
12.098306906413042
12.09716259776746
12.097429197352724
12.09598882246757
12.085877646177495
12.07385474401301
12.061186109558058
12.049009122989288
12.037963818535827
12.026232140442096
12.012380510319632
11.996324527307571
11.977324331326031
11.956127074853857
11.933635879954338
11.911659116386028
11.891445494351649
11.873815402456003
11.858481435449175
11.829652386707952
11.791954143891317
11.758128883199827
11.722530194815928
11.69486714913964
11.672301553009493
11.651002667764082
11.629613978089392
11.607672231198755
11.586058662390412
11.56615619595463
11.548979610395245
11.534473206090052
11.52220524882365
11.509162391130504
11.493853359790405
11.478271916453258
11.462528202598426
11.44549354208125
11.451581036476929
11.452616887254568
11.45492619359466
11.455346353167785
11.446977828285396
11.436584344726406
11.425485938862472
11.414861840969337
11.405390252134836
11.395268960784724
11.383061209703666
11.368678426250812
11.351383782191178
11.331935165755972
11.311251587793425
11.291175456719259
11.27298624010618
11.257532715405503
11.244522250421348
11.21789527524755
11.182286635777483
11.150747250833742
11.117424406455429
11.092007893196781
11.071689067294654
11.052597663112513
11.033368479989711
11.013500491164066
10.993824297571642
10.975699043437048
10.960112216697848
10.946996355807915
10.935934146849917
10.923905194743687
10.909452164849814
10.89459666649423
10.879495294955674
10.862994440021202
10.86953504964683
10.870755966017722
10.873136969447836
10.873492679022359
10.864892505831806
10.854089068092534
10.842307742546605
10.830742904059662
10.820106366005742
10.808642731756441
10.795001640525433
10.779172178571349
10.760465520512886
10.7397156434672
10.717897220069021
10.696888947294154
10.678007860056661
10.662122029618635
10.648949950827186
10.622396316412855
10.587062543870088
10.555892680672159
10.522962839306318
10.498000202448162
10.478107026434884
10.459389044157936
10.44050360590863
10.420953747483532
10.401551162642614
10.383639673051105
10.368177365942056
10.355077703855489
10.343905735290232
10.331632368324836
10.316808803190328
10.301458303606042
10.285748979063023
10.268537017114003
10.274168528924024
10.275053028775822
10.276886888833056
10.276334240654604
10.266524940786951
10.25392162859808
10.239590171187366
10.224605890955116
10.209607128492808
10.192914743300271
10.173328733747624
10.151060820686135
10.125662186951697
10.098075152476673
10.06950448275865
10.041994677207828
10.017064058321134
9.995778862087768
9.978013105396744
9.947677794676332
9.909522593530161
9.875679025093227
9.840340965704089
9.813217697541688
9.791520528360625
9.771355970978398
9.75119926628003
9.730504134266196
9.710114223343759
9.691417470448238
9.675391279037445
9.661949555015717
9.650622055786688
9.638348921901372
9.62361762569812
9.608387789690092
9.592747587508727
9.575596506212234
9.581252123918988
9.582078265264366
9.58374205009287
9.582860283595423
9.57265287477817
9.559592730857375
9.544654626567006
9.528909949118798
9.512993192739843
9.495198926342484
9.47430762142508
9.450531306025663
9.423420410169852
9.39391771600413
9.363237938848465
9.333437198039979
9.30604670755425
9.282159340795333
9.261695730429574
9.228685398207698
9.187768508668789
9.151060823444029
9.112890546065762
9.08294434990996
9.058393442762448
9.035364932174346
9.012354118640056
8.988831688544655
8.965662572890054
8.94425711868693
8.925595623411155
8.909610842021735
8.895815471901862
8.881144231844187
8.864091206734294
8.846619011041804
8.828803053262197
8.80954301088886
8.813204389385632
8.811382760068355
8.810562321445746
8.807501888453027
8.79555709503416
8.781137701117647
8.765101276265618
8.74858451674427
8.732270971604523
8.71444569862725
8.693890128803417
8.670782639340787
8.644606258448857
8.61628102097353
8.58697101831952
8.55866313857317
8.532819168834626
8.510449428706167
8.491429888684195
8.459723421457007
8.419952406573547
8.384418240943008
8.347465276596386
8.318388974634031
8.294380898270946
8.271616566689898
8.248746488859963
8.2252940072301
8.202092400939426
8.180494289207351
8.161468913108205
8.14489669200658
8.130328279047745
8.114714505676153
8.096618393177147
8.078056684960737
8.059124368513809
8.038808275457278
8.04152937660286
8.038328689575353
8.03600338214007
8.03108172559157
8.017033089051374
8.000225668323424
7.981466565002361
7.961851898258496
7.942073068926395
7.9204246568679295
7.895683288270385
7.868076121986742
7.837138335869385
7.803812156184016
7.769333992416734
7.73574163255637
7.704553576017355
7.676863421304467
7.652633046370592
7.615802882375386
7.571299966575688
7.531109776412959
7.489481212323434
7.456018674047169
7.427790443061169
7.400860218028226
7.37386243809952
7.346360526519011
7.3192447080479734
7.2939288125914565
7.271406484773978
7.2515988638821245
7.234026074751932
7.21562794949521
7.194940755820919
7.173936039658329
7.152636842914583
7.13007292224908
7.129973919996176
7.1252034435685045
7.121612309209237
7.11569520447115
7.10131576031425
7.084976398237786
7.0675775076936285
7.050375964763976
7.033991064664372
7.016553916334405
6.99658108524373
6.974008232715649
6.9482209609682295
6.919901542169943
6.890076999591034
6.860593114128591
6.832782111227232
6.807585409203375
6.784922791261799
6.748669463516485
6.704339995803298
6.663964077686113
6.6219043244272395
6.58744792023985
6.557808707215746
6.529331822735849
6.500694014602928
6.471416892025061
6.442328725135876
6.414814890958515
6.389876586192125
6.367471153458367
6.347174493114866
6.331499608909722
6.315824724704572
6.300149840499422
6.2844749562942726
6.268800072089123
6.253125187883973
6.237450303678823
6.221775419473674
6.206100535268524
6.190425651063374
6.174750766858224
6.159075882653075
6.143400998447925
6.127726114242775
6.1120512300376255
6.096376345832476
6.080701461627326
6.065026577422176
6.049351693217027
6.033676809011877
6.018001924806727
6.002327040601577
5.986652156396428
5.970977272191278
5.955302387986128
5.9396275037809785
5.923952619575829
5.908277735370679
5.892602851165529
5.87692796696038
5.86125308275523
5.84557819855008
5.82990331434493
5.814228430139781
5.798553545934631
5.782878661729481
5.767203777524331
5.751528893319182
5.735854009114032
5.720179124908882
5.7045042407037325
5.688829356498583
5.673154472293433
5.657479588088282
5.641804703883134
5.626129819677983
5.610454935472834
5.5947800512676835
5.579105167062535
5.563430282857384
5.547755398652235
5.532080514447085
5.516405630241936
5.500730746036785
5.485055861831636
5.469380977626486
5.453706093421337
5.438031209216186
5.422356325011037
5.406681440805887
5.391006556600738
5.375331672395587
5.3596567881904384
5.343981903985288
5.328307019780139
5.312632135574988
5.2969572513698395
5.281282367164689
5.26560748295954
5.2499325987543894
5.234257714549241
5.21858283034409
5.202907946138941
5.1872330619337905
5.171558177728641
