9.899331479772107
9.877677556369056
9.856023632966007
9.834369709562957
9.812715786159906
9.791061862756855
9.769407939353806
9.747754015950756
9.726100092547705
9.704446169144656
9.682792245741606
9.661138322338555
9.639484398935505
9.617830475532456
9.596176552129405
9.574522628726355
9.552868705323306
9.531214781920255
9.509560858517204
9.487906935114156
9.466253011711105
9.444599088308054
9.422945164905004
9.401291241501955
9.379637318098904
9.357983394695854
9.336329471292805
9.314675547889754
9.293021624486704
9.271367701083655
9.249713777680604
9.228059854277554
9.206405930874503
9.184752007471454
9.163098084068404
9.141444160665353
9.119790237262304
9.098136313859253
9.076482390456203
9.054828467053152
9.033174543650103
9.011520620247053
8.989866696844002
8.968212773440953
8.946558850037903
8.924904926634852
8.903251003231802
8.881597079828753
8.859943156425702
8.838289233022651
8.816635309619603
8.794981386216552
8.773327462813501
8.75167353941045
8.730019616007402
8.708365692604351
8.6867117692013
8.665057845798252
8.643403922395201
8.62174999899215
8.600096075589102
8.578442152186051
8.556788228783
8.535134305379952
8.513480381976901
8.49182645857385
8.4701725351708
8.448518611767751
8.4268646883647
8.40521076496165
8.383556841558601
8.36190291815555
8.3402489947525
8.31859507134945
8.2969411479464
8.275287224543355
8.33178859044482
8.389574117053503
8.443040597522902
8.490764119724037
8.52753600180473
8.55071730494898
8.561500717161996
8.562195068551397
8.555295134111685
8.542175292957841
8.522106121041752
8.494445173017002
8.459740540133089
8.419916545124968
8.378818963001168
8.338997614178524
8.285028565067954
8.202447698709584
8.122110909285102
8.037247911593711
7.951575308906475
7.872872094895298
7.804535654000041
7.749875502742971
7.707577060673859
7.674018200726334
7.644961321683482
7.616071836613786
7.582666603579105
7.54245594692477
7.495988239810054
7.44537238668398
7.392463423350022
7.337724331051559
7.281549409676791
7.236187427136235
7.207520076363726
7.171814728716497
7.1416511576114585
7.115451499578458
7.089553169516663
7.0649843791338665
7.037605222157924
7.004992239568488
6.968653119846199
6.930735885439767
6.8943742481351995
6.860819765821805
6.828987828976123
6.797096417872442
6.764061027173442
6.729898191691144
6.69609108296977
6.666171227229428
6.632905745529246
6.571192293826524
6.512870123449685
6.451916808851368
6.3901791196109095
6.334616680556776
6.289531645655163
6.258986452586034
6.241570974021264
6.2331701728700235
6.229252982607614
6.2260202914325475
6.21925152043244
6.2065140282131335
6.187621352907473
6.163997503331257
6.137087133093176
6.106632136368243
6.07263591333757
6.038221365046603
6.019078375198393
5.991825502290001
5.968033375220739
5.946726598000106
5.925225607535174
5.905039757471986
5.88292920517842
5.856624065000866
5.827444550669573
5.797068476694587
5.767986037720505
5.741465629821496
5.716856689793344
5.69315030387506
5.669697152019246
5.646540660409959
5.625002859726966
5.609243877918173
5.5955890060149285
5.564540228207393
5.538027875905576
5.509830412728493
5.480484005537705
5.454975078624071
5.434960673991445
5.423856916095172
5.421268456822226
5.4254962864467124
5.43332287110758
5.442349273797536
5.449447897158463
5.452708080532907
5.45201168116135
5.448180929803204
5.442071313169072
5.433422576374661
5.421713149307782
5.40971646585954
5.409958728154417
5.402224496539998
5.398735395463602
5.398628850307249
5.39877063753064
5.399946971325298
5.398185589347766
5.390988675149175
5.379289120302179
5.364348914438122
5.348661605744584
5.333676616828945
5.319038249587762
5.303915202540778
5.2877614793137395
5.2710879537701265
5.25640377559936
5.247579505781527
5.24016413265014
5.214268237873652
5.191979471265308
5.167793484728996
5.14196454347826
5.119217295423617
5.099862041390989
5.085551427495159
5.074897048414904
5.06619373323512
5.057019428124222
5.045964779252501
5.030849852465821
5.010447757529378
4.985306440182526
4.956932330001455
4.926831471105827
4.895809934810132
4.863098230455516
4.831804925561884
4.8173208560664715
4.796623142082921
4.780349230433627
4.7674035743072745
4.754580357287953
4.742856388124334
4.728311746366264
4.7084919428404755
4.6843840164042865
4.657744618861628
4.6314266532559865
4.607047721618193
4.584233320500791
4.561967287869818
4.53951634285698
4.517129600620152
4.496708411522787
4.481774720599233
4.468274469724005
4.436124767575223
4.409284816933447
4.380407737149718
4.349918001660407
4.322669761823619
4.2991991052196825
4.281564297770418
4.269212905869386
4.260744367675108
4.253649025679244
4.246343403238592
4.236347143343373
4.222204806098065
4.204150219840712
4.183341369945815
4.160954316728235
4.137383456678618
4.11158243449162
4.086691004639046
4.07917892480636
4.064001792299327
4.053096010043542
4.0453368745738265
4.037572765538633
4.030609536610003
4.020443171088448
4.00431505242722
3.983257976545635
3.9588890254299227
3.9342086209745606
3.9110042685628335
3.8889357687278383
3.866997239049356
3.8444261687752914
3.821411675255895
3.799963306430296
3.784066803590045
3.769450572627812
3.7361806113715015
3.7067934359241574
3.674962168369863
3.641031645434126
3.6099647151035916
3.58267178798767
3.561660214340169
3.546621253945958
3.5360519280302767
3.5274211717064965
3.5191806696655648
3.5089218845617247
3.4950618325425378
3.477612761553359
3.457590769857385
3.436022377042884
3.413304824290582
3.388311943237527
3.364237871998572
3.3581889963434732
3.345968897887968
3.3379107404511608
3.3329741764036487
3.327712259632825
3.3230319381674374
3.314824654168603
3.300494867616927
3.280786794016014
3.25736529433606
3.2332924254867232
3.2104042325924755
3.1884427867529364
3.1663796713599615
3.1434437523880328
3.119999769274245
3.0983076028798107
3.081827074951668
3.066517218296264
3.0307308454549364
2.9993250726053438
2.9652714063026426
2.92893765316644
2.8953249453408447
2.8652835389975198
2.841141716309063
2.8224948522262143
2.808049060410821
2.7953227074431357
2.7827285736853726
2.7677426400576257
2.7488009446879635
2.726004436562123
2.7004692340753143
2.6733957697646717
2.6451989950854817
2.6149092442967614
2.585665467965122
2.5752594104999424
2.5571863435060638
2.5433170392416873
2.5325718129558927
2.521720448915736
2.5117728961797026
2.498868373819233
2.480394594691264
2.457354657950282
2.431441035837957
2.4056276011529163
2.3816496009322408
2.3591403678615586
2.337035686033816
2.3145655487939676
2.2918771131141638
2.2707749027772772
2.2551916253374666
2.240902125964958
2.2079498032291007
2.178916640769698
2.147253468256016
2.1134938895140087
2.0826534252748456
2.0558460782335586
2.036092480718024
2.0233214957828487
2.016246371335833
2.0122283143792266
2.009493847640008
2.005434430904553
1.9982735833674365
1.9878409963094896
1.9749558970869547
1.9604645940181469
1.944549522540631
1.9261654522614875
1.908166874594299
1.9077562256990899
1.8996741751873683
1.8958366467737093
1.8952472527925521
1.8943346572687703
1.8940064296883665
1.8901640799301802
1.8802593334551871
1.8650043740806033
1.8460374117173617
1.8263531143124465
1.8077139747521995
1.789861849106675
1.7718060046482818
1.7528209508590926
1.7333573774246394
1.7157642609099626
1.7034944565773271
1.6924364765781372
1.6608538943768105
1.633441090429768
1.6033441471641434
1.5709996491186775
1.5413683671078258
1.5152324755317326
1.4948488044999304
1.4798179695693796
1.468929333023818
1.4597897752372275
1.4508832359736805
1.4397485409226782
1.424813353278609
1.4061694712391677
1.3849217125494777
1.3622408376301833
1.338548343093683
1.3128599625319106
1.2883177636785863
1.282668118043527
1.2695529640349843
1.2607434387231315
1.255191724199073
1.2495492563966062
1.2448262480810144
1.2371613607852043
1.2239041817493683
1.2059601375551234
1.184961857501275
1.1638568317070286
1.1443942951444228
1.126261989691438
1.1084427218092907
1.0901896067068904
1.0717150084287042
1.0549418653631837
1.0435955499614447
1.033564107815185
1.004134933714956
0.9789542183254772
0.9513838506337713
0.9218667208036132
0.8952917993735218
0.8725035093447321
0.8560251716430527
0.8455983299346357
0.8398784856037953
0.8362473902499307
0.8329983573136608
0.8275882801488746
0.8184240381989607
0.8055308659557371
0.7899345921540871
0.7726835300934486
0.7541353349421815
0.7331693272788482
0.71288090154965
0.7098741879639653
0.700395251511855
0.6954008980438321
0.6937716269532179
0.692030192489141
0.6911564170717323
0.6871501008895298
0.6774671991137198
0.6629673414825422
0.6453126516662315
0.6274632571290002
0.6111454046690131
0.5960715425345441
0.5812572148815112
0.5659643765140455
0.5505333930593692
0.5372161408599875
0.5296751286673449
0.5235875708934922
0.49785876045060407
0.47688723360600566
0.45408371981860635
0.42983092121349
0.40886065691875484
0.39159570035775504
0.3796495395162984
0.37161817765500943
0.36558015234060703
0.3590905616155077
0.35080958057846684
0.33856752549938635
0.32111434908784986
0.29897404568791
0.2736861169321038
0.24670832641937737
0.21875083554449126
0.1890623253172544
0.16074929280005112
0.15173986158573347
0.1357482588178563
0.12413894877955048
0.11564566723689564
0.10687565598889599
0.0989075870205282
0.08771089614043479
0.07073983897355926
0.04884144146864332
0.023855945638819653
-0.0011449149643915357
-0.024390232808771936
-0.046186243369743876
-0.06759137491153405
-0.08938019959249136
-0.11126416808893423
-0.13116988288958412
-0.14570748138297604
-0.15894743514328613
-0.19170105111287436
-0.21897193514600705
-0.24887327914111945
-0.2808436576061326
-0.3100512426278999
-0.3358502092019913
-0.3560620067223583
-0.3712073215946557
-0.3826224771729853
-0.3928292890589524
-0.4034112603864896
-0.41677474914385937
-0.4343606249881468
-0.4559268502043232
-0.47126837667807275
-0.48660990315182295
-0.5019514296255732
-0.5172929560993234
-0.5326344825730733
-0.5479760090468235
-0.5633175355205737
-0.5786590619943239
-0.5940005884680741
-0.6093421149418241
-0.6246836414155743
-0.6400251678893245
-0.6553666943630747
-0.6707082208368249
-0.6860497473105749
-0.7013912737843251
-0.7167328002580753
-0.7320743267318255
-0.7474158532055757
-0.7627573796793257
-0.7780989061530759
-0.7934404326268261
-0.8087819591005763
-0.8241234855743265
-0.8394650120480764
-0.8548065385218266
-0.8701480649955768
-0.885489591469327
-0.9008311179430772
-0.9161726444168272
-0.9315141708905774
-0.9468556973643276
-0.9621972238380778
-0.977538750311828
-0.9928802767855782
-1.0082218032593282
-1.0235633297330784
-1.0389048562068286
-1.0542463826805788
-1.069587909154329
-1.084929435628079
-1.1002709621018292
-1.1156124885755794
-1.1309540150493296
-1.1462955415230798
-1.1616370679968298
-1.17697859447058
-1.1923201209443302
-1.2076616474180804
-1.2230031738918306
-1.2383447003655805
-1.2536862268393307
-1.269027753313081
-1.2843692797868311
-1.2997108062605813
-1.3150523327343313
-1.3303938592080815
-1.3457353856818317
-1.361076912155582
-1.376418438629332
-1.3917599651030823
-1.4071014915768325
-1.4224430180505827
-1.4377845445243325
-1.4531260709980827
-1.4684675974718329
-1.483809123945583
-1.4991506504193333
-1.5144921768930835
-1.5298337033668337
-1.5451752298405839
-1.560516756314334
-1.5758582827880843
-1.591199809261834
-1.6065413357355842
