-8.840954184346543
-8.158290297468671
-7.475626410590797
-6.792962523712925
-6.110298636835052
-5.427634749957178
-4.744970863079306
-4.062306976201433
-3.37964308932356
-2.6969792024456867
-2.0143153155678135
-1.3316514286899448
-0.7050242566580156
-0.014449543278942378
0.6847691252817201
1.3413040828282845
1.924966166328974
2.38358916277799
2.81709256135427
3.26269358523116
3.7403043780186858
4.230787809738006
4.719534770840406
5.187888610806303
5.623680707201866
5.76016450106582
5.6330757100209
5.244672383638195
4.64024103619287
3.794528518241773
2.688045523889904
1.3818245132783527
-0.08841091476500812
-1.6600323371534602
-3.370798343902447
-5.190402075970615
-7.031697350972447
-8.779819011153307
-10.350824900245172
-11.74608137048796
-12.966477833236297
-14.058687119305725
-15.022310926628933
-15.873165535236893
-16.524362641111665
-17.11138272153031
-17.671264333295067
-18.21601224474697
-18.546997946257907
-18.782742265393978
-18.997772886839584
-19.22840143208356
-19.508582893426276
-19.754498068825736
-19.914991059678567
-20.012382085671085
-20.08463133858503
-20.09287376101325
-20.052833352526918
-19.98163958839106
-19.924535248850596
-19.93694345279704
-20.08067160058208
-20.49659888223371
-21.174715309844267
-22.273057287150092
-23.73032860609008
-25.525471102766076
-27.6916514969812
-29.969810365979285
-32.311963131924635
-34.6120668952704
-36.82742250306373
-38.94509542911081
-40.98743751813514
-42.92463856171692
-44.75671125650425
-46.53133323428152
-48.273736912219874
-50.020484725424836
-51.858289667921085
-53.75017773928071
-55.92912261588987
-58.10806749249902
-60.28701236910816
-62.46595724571731
-64.64490212232646
-66.82384699893561
-69.00279187554474
-71.1817367521539
-73.36068162876305
-75.53962650537218
-77.71857138198135
