15.439310045161925
14.945779713945067
14.452249382728208
13.958719051511352
13.465188720294494
12.971658389077636
12.478128057860777
11.98459772664392
11.491067395427063
10.997537064210205
10.504006732993346
10.01047640177649
9.51694607055963
9.023415739342774
8.529885408125915
8.036355076909057
7.5428247456922
7.049294414475343
6.5557640832584845
6.062233752041626
5.568703420824768
5.075173089607912
4.5816427583910535
4.088112427174195
3.594582095957337
3.101051764740479
2.6075214335236225
2.1139911023067643
1.6204607710899062
1.126930439873048
0.6334001086561916
0.13986977743933338
-0.3536605537775248
-0.847190884994383
-1.3407212162112394
-1.8342515474280994
-2.327781878644956
-2.821312209861812
-3.314842541078672
-3.8083728722955286
-4.301903203512382
-4.667383656182263
-4.911487305362046
-5.094420828875978
-5.2449784799295704
-5.403151940723002
-5.549153062054863
-5.686056790941632
-5.818636103698918
-5.96435400690956
-6.1377946446886105
-6.329031047697605
-6.529287578711498
-6.7334373961477425
-6.939555314668593
-7.138524245090215
-7.350677065088045
-7.626276411784115
-7.936058760340575
-8.289311531585126
-8.670644200468542
-9.093787491022255
-9.562471995261067
-10.060247564269627
-10.565069017554809
-11.067761221857483
-11.555986689151108
-12.03486658068822
-12.496536885256972
-12.876671360790793
-13.210170727962373
-13.496878938986448
-13.746811427779242
-13.95552907743502
-14.137368593762112
-14.28980981539853
-14.424182684358993
-14.486791742137598
-14.526000482782662
-14.5287735810199
-14.486287009769997
-14.390616347458238
-14.235755390299266
-14.03966952135232
-13.840382338398417
-13.725519244172782
-13.62634232167314
-13.519494837724377
-13.422660672579163
-13.345225641432041
-13.279536869617026
-13.214393356405362
-13.183036105415813
-13.147390455636398
-13.088166196797694
-13.020099716274073
-12.944565773797404
-12.79629282436439
-12.601488334978807
-12.370010861721871
-12.103853806073024
-11.797460280681506
-11.463335400517476
-11.101978984784012
-10.723532359651818
-10.325079778965094
-9.925007717693482
-9.474065811775708
-8.972178599679637
-8.45401446689057
-7.902852222125354
-7.306065766351588
-6.672544220011001
-6.045456816541303
-5.429561971204874
-4.830384202694101
-4.254023525756734
-3.7080893127789127
-3.182640715568573
-2.656021288457094
-2.130475628258397
-1.6053953791300457
-1.0976345782856411
-0.6811409589487198
-0.27689508614987063
0.14783598050349483
0.5927650406640836
1.0508547747525603
1.5287475931521852
2.028040661858528
2.556308808948347
3.1102868856563806
3.6876056593579682
4.26892186690842
4.838710221592606
5.385241695436749
5.900419534132782
6.414405229561108
6.980232410544215
7.545140164958829
8.041820400187369
8.51503188506488
8.97465403091201
9.4169929640596
9.817437156907879
10.176657178325202
10.519024531472585
10.859446414453469
11.203901427190376
11.549212510059295
11.819567110379392
12.050574189659859
12.337475190320422
12.633869808704533
12.906239220010512
13.17887559292681
13.449464923264147
13.733420804032272
14.040414942843283
14.363382801889799
14.702687733375193
15.030807352558424
15.33717458878002
15.612239609394775
15.861890457433148
16.10779373491411
16.44577412081133
16.78650902876912
17.07917793191135
17.371779998836644
17.672309562363747
17.961007887292293
18.21765874264743
18.445593063102358
18.66710789452015
18.892676345230647
19.12472383044792
19.3636428726272
19.54577435079419
19.731765463334867
19.95555784910286
20.187284465948572
20.413133255658494
20.650393321222055
20.89319678450341
21.146913631771966
21.400710233173886
21.68235388825898
21.981897012602502
22.27691863145375
22.55065688555377
22.8011733537335
23.025639437532117
23.2442963680573
23.499919080873216
23.76017915416212
23.994380825799848
24.23536149873351
24.499590825187965
24.7642758635809
25.00793109472915
25.246393670834518
25.49232138095665
25.746820916005333
26.008358723864003
26.239241860435545
26.434249619283396
26.672303043810892
26.946972681332333
27.215361335328378
27.481984272093378
27.753825659432785
28.03582453448109
28.31879927693168
28.609103364675182
28.918620807019085
29.244877116651278
29.57338906301321
29.88602470906018
30.168195290892463
30.440977515718185
30.76560837978193
31.119162639141422
31.494228232584668
31.891037146376274
32.31286398697592
32.749568905176204
33.169199216382836
33.56556629815317
33.95091273047876
34.3432905973055
34.75081878498061
35.17367970270673
35.52283179542878
35.85374344542205
36.187891005949574
36.58433507178443
37.021429383635954
37.47136821417558
37.93024657603754
38.406696383741284
38.90215541617807
39.432189823268274
39.994938360217766
40.577169280348535
41.17255442465098
41.757018711172805
42.30391785564167
42.83850852214666
43.39251905145698
43.94328549136672
44.5010376226111
45.07206675715255
45.65630322588323
46.25687688446094
46.87333898489536
47.48413256038587
48.105419047741236
48.742085097639844
49.42114308053592
50.08790274087323
50.770551310249964
51.51798663261198
52.33064696078629
53.15582229957272
53.99120653822105
54.82514281990831
55.66937601500899
56.518271080526475
57.399359757252256
58.32914613431024
59.26961534634124
60.202275826537964
61.13389675670581
62.07265166544469
63.033288217155565
64.03165127264657
65.07389806634289
66.19733129334834
67.29228357870642
68.43497918084822
69.50596057845033
70.57694197605241
71.64792337365449
72.71890477125658
73.78988616885866
74.86086756646074
75.93184896406282
77.00283036166492
78.073811759267
79.14479315686908
80.21577455447118
81.28675595207326
82.35773734967535
83.42871874727743
84.49970014487951
85.5706815424816
86.64166294008368
87.71264433768577
88.78362573528786
89.85460713288994
90.92558853049202
91.99656992809412
93.0675513256962
94.13853272329828
95.20951412090037
96.28049551850245
97.35147691610455
98.42245831370663
99.49343971130871
100.56442110891079
101.63540250651288
102.70638390411497
103.77736530171705
104.84834669931914
105.91932809692122
106.9903094945233
108.0612908921254
109.13227228972748
110.20325368732956
111.27423508493165
