7.149770704662641
7.088191040276886
7.0266113758911315
6.965031711505376
6.903452047119621
6.841872382733866
6.780292718348111
6.718713053962356
6.657133389576601
6.595553725190846
6.5339740608050905
6.472394396419336
6.410814732033581
6.349235067647825
6.287655403262071
6.2260757388763155
6.16449607449056
6.102916410104806
6.04133674571905
5.979757081333295
5.91817741694754
5.856597752561785
5.79501808817603
5.733438423790275
5.67185875940452
5.610279095018765
5.548699430633009
5.487119766247255
5.4255401018614995
5.363960437475745
5.30238077308999
5.240801108704234
5.179221444318479
5.1176417799327245
5.056062115546969
4.994482451161215
4.932902786775459
4.871323122389704
4.809743458003949
4.748163793618194
4.686584129232439
4.625004464846684
4.563424800460929
4.501845136075174
4.440265471689418
4.378685807303664
4.3171061429179085
4.255526478532154
4.193946814146399
4.132367149760643
4.070787485374888
4.009207820989133
3.947628156603378
3.8860484922176233
3.824468827831868
3.762889163446113
3.701309499060358
3.6397298346746028
3.578150170288848
3.516570505903093
3.4549908415173376
3.3934111771315827
3.3318315127458313
3.244468968535764
3.1605826826755288
3.0913001652034016
3.0370022765999867
2.9861282543963
2.9349778785828073
2.883605735621446
2.8318342964774215
2.7704257273053017
2.718976787058932
2.677279412230212
2.6269342864397
2.567493747212791
2.504053410152833
2.437793189155461
2.370405504615087
2.293295843935809
2.1879403879644603
2.0520936170411517
1.8965850515563731
1.7130079421804552
1.5086522160583764
1.2917443450225676
1.06740595522245
0.8154349034605517
0.5399062298060054
0.24453908491401724
-0.0642396978236747
-0.38097731560950154
-0.7000591028028579
-1.0078474250673455
-1.2974951240200427
-1.5736604308715598
-1.8430333357491002
-2.1053429443566016
-2.3358481953193633
-2.539500315740723
-2.68660037757988
-2.7741552816871224
-2.8153131515248733
-2.8201366668538066
-2.786977007321402
-2.7261786889640853
-2.648664629924103
-2.565098964832275
-2.4768268556357445
-2.3867484808973534
-2.2995338012650115
-2.21660330662586
-2.1517652114693173
-2.103236510037457
-2.060325791621859
-2.062993834146937
-2.0922616133258662
-2.1610875802479823
-2.2735907354882827
-2.4308342300044816
-2.6156094654944493
-2.8099071557658797
-2.99543804120284
-3.167477948674192
-3.3337947920106163
-3.503332883104612
-3.6822091427305823
-3.875070839999592
-3.991711506126639
-4.085215209939058
-4.16173227934439
-4.2201063452902545
-4.248431249805071
-4.248863533781992
-4.234161561032131
-4.224391532843091
-4.225543275288865
-4.237432228339201
-4.250923722623765
-4.265335966932995
-4.271437912094138
-4.295135130907583
-4.336571803135611
-4.420523377990991
-4.513471961347122
-4.621725445364385
-4.751932443256553
-4.914353614453989
-5.095479709088395
-5.271875358002641
-5.436813230654865
-5.592104039458325
-5.742586244473159
-5.890388401679079
-6.037069076944023
-6.169767393490522
-6.24813005745397
-6.286071535796922
-6.289240550260839
-6.25078704776719
-6.16145574887181
-6.020390751918845
-5.854657155634095
-5.6871451090351615
-5.527059147805945
-5.36974147253637
-5.217248780281023
-5.067834697734554
-4.92033274326618
-4.803409353356844
-4.73259449825948
-4.6955763858920525
-4.689917591056214
-4.730048967033237
-4.824533182149397
-4.9672966445835565
-5.13524041656999
-5.304619715744696
-5.461878811632028
-5.607151054722947
-5.751431110427533
-5.9049965283441095
-6.07784514879701
-6.212293177234472
-6.278681369920189
-6.329537407765852
-6.367808643682062
-6.382691569446868
-6.370942777967727
-6.3385287894109394
-6.305748418248787
-6.284503973653269
-6.277016362145121
-6.276254733167326
-6.278441478595861
-6.274126551662897
-6.257031697066247
-6.249956732426681
-6.255634552456794
-6.285481143238661
-6.30473042869784
-6.329020297801861
-6.3695973208268875
-6.429083025064076
-6.490377785028252
-6.539370885491339
-6.568001681571643
-6.582642921369829
-6.584931327684385
-6.577806365142229
-6.551345226207397
-6.496009685715122
-6.403418080231459
-6.276260607944867
-6.115391556700023
-5.915474741701407
-5.6739462731853605
-5.403333645319826
-5.123648723782929
-4.853336147396459
-4.591572328953999
-4.334895978794406
-4.08742104899566
-3.8480973612546236
-3.615865525812029
-3.4454940195332626
-3.3448477214404195
-3.3063778633625414
-3.3159204972286442
-3.3856704232107315
-3.513854553088269
-3.689337553582285
-3.8859629455920928
-4.081114248119446
-4.268929794600588
-4.45398550671763
-4.643854419044229
-4.8497047488779765
-5.044459709320455
-5.218525724751037
-5.35057176274264
-5.475382699883572
-5.582798886146612
-5.665344456378012
-5.714500719887962
-5.741384838234829
-5.76348793949915
-5.797948833599837
-5.847432190090114
-5.9031183553805056
-5.95299603136902
-5.987440381439061
-5.99690527253088
-6.032622653978431
-6.078066391086178
-6.111715716501008
-6.130100467921552
-6.1476042274656475
-6.177807105281579
-6.218259788807929
-6.250890705196271
-6.267233092688681
-6.265632471589034
-6.254454846553059
-6.232619471659818
-6.175160461023014
-6.092454204266353
-5.990520862041701
-5.829645208401952
-5.6360912007554695
-5.407795451316279
-5.139664230862942
-4.831951197795057
-4.5038083422710224
-4.1765809930333955
-3.862385499896456
-3.555756622084816
-3.2584306894263544
-2.967497876431334
-2.682774469959262
-2.4182468047581196
-2.19758344328509
-2.0286936875878543
-1.8971664173673746
-1.8133283491313146
-1.7902305848401725
-1.8290125775971982
-1.9062817935614227
-2.0008217822751546
-2.0943521321317675
-2.187543422719986
-2.282580928597112
-2.3874652019432094
-2.4893037720149644
-2.5790625526532223
-2.647386651800984
-2.6959673735011513
-2.7222781374014176
-2.716564258505454
-2.672851656947574
-2.595075454750711
-2.5013369286327958
-2.410665318797321
-2.3366968411365194
-2.271625067475875
-2.2008756247124674
-2.108433284290118
-1.9851127655163658
-1.9316604311686665
-1.9052536701559475
-1.8775883643346432
-1.845547197284473
-1.8165351296095678
-1.7894819550760284
-1.7599877179372705
-1.7231436115709196
-1.6778446297464178
-1.6141247431037642
-1.532933510380545
-1.4346024804331603
-1.3072507641709374
-1.1481727211759498
-0.9765362893827066
-0.7831439862099855
-0.534370842522196
-0.26459041713011644
0.03648351042086578
0.3695282820822182
0.7256507606209815
1.0873579083159666
1.4353156416666681
1.766021367219913
2.0844153614293788
2.3916240255664554
2.6905698451157054
2.969302467621583
3.2024657427114525
3.382098665338381
3.5172426577896028
3.604032436271432
3.6345223944536107
3.609867408708724
3.549978733578561
3.4743524460190347
3.4016107470332004
3.33295301360469
3.2645355631880943
3.1913126438148196
3.129239969531884
3.0816895738172985
3.0694809344095484
3.09084018712457
3.1553504059313897
3.2653287502033215
3.425116122055555
3.6282132988953553
3.8549553540988755
4.084152937573594
4.299536266037352
4.500832181202939
4.703049748473445
4.9199937125076305
5.167871344051134
5.401420558233002
5.577828910071804
5.755824560424283
5.936141781350081
6.111417050301476
6.2810306635445015
6.450750339216882
6.633598914205224
6.833244948113499
7.047871518444301
7.274468430464948
7.5111490158602905
7.765137011463974
8.041665819805765
8.325951701089036
8.609631180706478
8.915545218551785
9.237763903042984
9.575760996698902
9.93361206260883
10.311355142959208
10.69517385592503
11.065185326079886
11.412286022395385
11.738079382663186
12.048119908582573
12.344318524777174
12.58277081436381
12.728921203338718
12.815525231222336
12.835247493500544
12.784109239674162
12.660191833539141
12.470582663689035
12.239054867532289
11.9914422946295
11.738784025997095
11.482528494291811
11.214480433379382
10.92978525671052
10.639570350765915
10.37661507219158
10.110774088726963
9.840519376408512
9.580038326081404
9.324787689488014
9.094120544239221
8.897164500131122
8.731450036295652
8.580917541849834
8.432490733738117
8.282223990496632
8.13597256841529
8.006904799968655
7.90707293465183
7.831500878988893
7.768553552412374
7.737023905452389
7.718980177818841
7.7351248124023675
7.777618070721504
7.826894730699908
7.873473869320314
7.948007893148182
8.0716234844782
8.260670817645646
8.500520905720176
8.774895882455871
9.066454225939019
9.36328310311908
9.71771218422547
10.1114846723264
10.529584931324022
10.955289921796147
11.384305088950036
11.818717598154864
11.77727682979145
11.735836061428044
11.694395293064638
11.65295452470123
11.611513756337823
11.570072987974417
11.528632219611008
11.487191451247602
11.445750682884196
11.404309914520788
11.362869146157381
11.321428377793975
11.279987609430568
11.238546841067162
11.197106072703754
11.155665304340348
11.114224535976941
11.072783767613533
11.031342999250127
10.98990223088672
10.948461462523312
10.907020694159906
10.8655799257965
10.824139157433091
10.782698389069685
10.741257620706278
10.69981685234287
10.658376083979464
10.616935315616058
10.575494547252651
10.534053778889245
10.492613010525837
10.45117224216243
10.409731473799024
10.368290705435616
10.32684993707221
10.285409168708803
10.243968400345395
10.202527631981988
10.161086863618582
10.119646095255174
10.078205326891768
10.036764558528361
9.995323790164953
9.953883021801547
9.91244225343814
9.871001485074732
9.829560716711327
9.78811994834792
9.746679179984513
9.705238411621107
9.663797643257698
9.622356874894292
9.580916106530886
9.539475338167478
9.498034569804071
9.456593801440665
9.415153033077257
9.37371226471385
9.332271496350444
9.290830727987036
9.24938995962363
