9.902978785796956
9.755898631543
9.608818477289041
9.461738323035085
9.314658168781127
9.167578014527171
9.020497860273213
8.873417706019257
8.726337551765301
8.579257397511343
8.432177243257387
8.285097089003429
8.138016934749473
7.990936780495516
7.843856626241559
7.696776471987603
7.549696317733645
7.4026161634796885
7.2555360092257315
7.1084558549717745
6.961375700717817
6.81429554646386
6.667215392209904
6.520135237955946
6.37305508370199
6.225974929448033
6.078894775194076
5.931814620940119
5.784734466686162
5.637654312432206
5.490574158178249
5.343494003924292
5.196413849670335
5.049333695416378
4.902253541162421
4.755173386908464
4.608093232654507
4.46101307840055
4.313932924146593
4.166852769892636
4.019772615638679
3.8726924613847222
3.725612307130766
3.578532152876809
3.431451998622852
3.284371844368895
3.137291690114938
2.990211535860981
2.8431313816070247
2.6960512273530677
2.5489710730991106
2.4018909188451536
2.2548107645911966
2.1077306103372395
1.9606504560832825
1.8135703018293263
1.6664901475753684
1.5194099933214122
1.372329839067456
1.2252496848134982
1.078169530559542
0.9310893763055841
0.7840092220516279
0.63692906779767
0.48984891354371385
0.3427687592897577
0.19568860503579977
0.048608450781843615
-0.09847170347211431
-0.24555185772607047
-0.3926320119800284
-0.5397121662339845
-0.6867923204879407
-0.8338724747418986
-0.9809526289958548
-1.1280327832498116
-1.1395895769106663
-1.164699324258827
-1.1989482744248645
-1.2481750056862242
-1.3226233352774226
-1.4202354165248052
-1.5281465972210733
-1.634220614307172
-1.734704526180838
-1.8396427867254217
-1.9579750804034446
-2.0894928332603
-2.233306702373623
-2.391722241584894
-2.52255844319266
-2.6491813780863684
-2.797625287346377
-2.973378848707956
-3.163960177532521
-3.359957118463478
-3.553414418277151
-3.7466692863766218
-3.944020950097822
-4.151514557940917
-4.372422738480353
-4.604051371407293
-4.838884175348713
-5.073800304069584
-5.305555011605317
-5.540274693083761
-5.795469061940559
-6.057143148591818
-6.326796586220679
-6.608699410753362
-6.903678994604916
-7.1925310131876445
-7.466769804052381
-7.7146283645332225
-7.928720514234674
-8.11236619902569
-8.269562580330291
-8.409951228892004
-8.531541427439127
-8.634976284402027
-8.73353551721747
-8.825816675950549
-8.904622105615154
-8.963383252946937
-8.994966498582194
-9.023061948197503
-9.044701105298358
-9.0544729493582
-9.055052400320575
-9.054692121952947
-9.061605314752986
-9.079547851090021
-9.111177767786089
-9.18859562079709
-9.291629358884535
-9.417331875415893
-9.564010352253055
-9.737161334956093
-9.941485118049608
-10.16892744226588
-10.408621755610211
-10.62633998738514
-10.824897589696745
-11.007952287480684
-11.17600740740133
-11.329634236010008
-11.473054065624178
-11.58717071679281
-11.686559688565326
-11.798330296442233
-11.922900474341454
-12.050079700468315
-12.167269278063202
-12.264298136077107
-12.356414324878823
-12.453075765505687
-12.547833081607262
-12.636602118629561
-12.721654892999053
-12.808407428093815
-12.904841886761083
-13.015267384372127
-13.13527436129366
-13.274643642454624
-13.418870893198145
-13.565182091901429
-13.723314129886983
-13.902310460587499
-14.100106508447029
-14.306512028024997
-14.477182095845919
-14.626852520021544
-14.75601267457154
-14.866107880062465
-14.9502508020923
-14.988449054091912
-14.991788731998966
-14.98540588556227
-14.975206554406915
-14.953727908577951
-14.909134623531024
-14.833185416824016
-14.72863163559247
-14.606998678424949
-14.500055900296486
-14.397471976261208
-14.290353219418318
-14.18226147150881
-14.083525051290131
-14.0034760684994
-13.965255670222929
-13.973839356285167
-14.008552405859067
-14.065779041640802
-14.146222856482241
-14.258995077227425
-14.40323173764711
-14.56681830205579
-14.737248933579444
-14.88347264409128
-15.023601747285387
-15.158885575589776
-15.29135462620329
-15.421368188317379
-15.525916761239255
-15.605713486563602
-15.697088087654102
-15.811196875434293
-15.937121015590707
-16.06548154546293
-16.18991737538057
-16.303442742714807
-16.431787234552047
-16.567827556675354
-16.70266002938549
-16.832375748736332
-16.961962973922024
-17.102668633185065
-17.261486079520704
-17.432721290725574
-17.605096282883967
-17.774213370903972
-17.945240454519524
-18.10963470496128
-18.27376120943174
-18.446718021382214
-18.637834775824416
-18.819112799919704
-18.98084080368016
-19.11855753449005
-19.229314666786102
-19.311607052946623
-19.36046784025118
-19.370022415034185
-19.356580805032888
-19.328730300155097
-19.28740430382736
-19.22328456183523
-19.129304382853352
-19.00152647444143
-18.842576596864628
-18.70066877777049
-18.562163194333156
-18.408453002295417
-18.249645164420322
-18.091783659564257
-17.942403771628616
-17.828382613172618
-17.758937243785493
-17.71775005818579
-17.696622999975276
-17.69055177532233
-17.705968578921727
-17.75152911044349
-17.8239327820739
-17.911624393064354
-17.997259163859898
-18.05948132142782
-18.11759699401932
-18.17412280385156
-18.23027878435238
-18.287104091632376
-18.309305861219467
-18.32295141232102
-18.358403798075745
-18.41737312925109
-18.487592866564018
-18.558397375323242
-18.623831541756825
-18.69763995122902
-18.786067156786718
-18.879293275707667
-18.973960300116918
-19.072983037119915
-19.181595082116072
-19.305310436990634
-19.445084491802785
-19.591955174299454
-19.75217014862414
-19.917602884385516
-20.077651183399198
-20.237091151454358
-20.40899643100426
-20.59735672734447
-20.756350173066988
-20.894067202438297
-21.00363574701197
-21.090968987017327
-21.155561958289287
-21.189140678758527
-21.175220586527296
-21.128075754538344
-21.069993170396653
-21.000935965997556
-20.911752008590014
-20.792214296725884
-20.63190876027335
-20.431219493488882
-20.225870947136947
-20.019182390906618
-19.798396724088782
-19.5646915275419
-19.32602478101938
-19.091551688005744
-18.870730004023102
-18.66787948353862
-18.50015441407038
-18.35730866328074
-18.24000614096669
-18.15161796956376
-18.096350082244506
-18.074605857921956
-18.079305779391518
-18.09959873876576
-18.110608297968668
-18.12192039307079
-18.140127338511007
-18.16224764738484
-18.185321599604144
-18.20573950549318
-18.198039548286047
-18.198131167538964
-18.223878885200136
-18.25732774492213
-18.292651210773823
-18.329288641902437
-18.379429972724346
-18.441496387642722
-18.505382626076024
-18.575811185349814
-18.657700658820023
-18.755723546165154
-18.87380590572091
-19.008248969972954
-19.15335919287731
-19.302222971230158
-19.474861761951352
-19.647223233737797
-19.826265009350497
-20.016852554857326
-20.222989503408733
-20.420569128486537
-20.588042460318082
-20.727918972301982
-20.842067596823256
-20.934459723900947
-20.999798804800356
-21.037469545307562
-21.04043594326158
-21.016604840974303
-20.986856009106432
-20.94781840004189
-20.886400110584766
-20.789585066903538
-20.647857270582648
-20.490781723022813
-20.334150971743558
-20.1602246066488
-19.966906783116645
-19.76209340755941
-19.547777458510037
-19.329196126440362
-19.126847348606436
-18.958788790341874
-18.810582330339923
-18.681619603482392
-18.570861898980542
-18.48329190464365
-18.42465114885712
-18.392654784544376
-18.379022147765596
-18.37585703159707
-18.382034142996623
-18.392832015352987
-18.424209032514256
-18.478582369424778
-18.548345748478642
-18.584331198202545
-18.603703292564926
-18.64377549706042
-18.70916723473847
-18.795056466634424
-18.892541464586273
-19.00099541755084
-19.13227233936398
-19.280624697791225
-19.445866082840208
-19.62557356835312
-19.820771540043403
-20.032187187893577
-20.259176577048382
-20.493922864735886
-20.741397705348046
-21.001165971801182
-21.255625135337265
-21.503270098811967
-21.754485134535503
-22.013316865766846
-22.255998935116537
-22.460814871585068
-22.63441589649718
-22.7840752345653
-22.914869898705465
-23.00389766241569
-23.042592445205685
-23.044140758492553
-23.021427800533292
-22.98438623801393
-22.930259547167484
-22.84763023209854
-22.73310024460114
-22.58814548606473
-22.41411818350499
-22.25458406338681
-22.095523195544516
-21.919491462066752
-21.728137215212993
-21.53014392563149
-21.342594215380018
-21.184820004277963
-21.049078468894066
-20.937275424987757
-20.847639792082887
-20.78488376786059
-20.754410352292055
-20.75292903396931
-20.770414298508907
-20.795529077943733
-20.82819818357309
-20.860734271630704
-20.901620771525543
-20.964708031797315
-21.046530359187543
-21.09780838490228
-21.134155013061847
-21.18127215231561
-21.23968116792916
-21.311035187119014
-21.386280683046518
-21.45332690916268
-21.515505657518116
-21.596769722007718
-21.69663339338384
-21.805499184293836
-21.92198226397345
-22.050659677535396
-22.196411982647124
-22.36502603874983
-22.54911789764738
-22.742594645204093
-22.956726868002193
-23.172060185575013
-23.393252136998182
-23.625687717120574
-23.873775518010053
-24.129118454464283
-24.379593841485637
-24.590880112016038
-24.772723798828526
-24.928853633430684
-25.058759940388974
-25.142545968724527
-25.175901683385348
-25.17925806489887
-25.163299018270646
-25.136405166082024
-25.09474835105627
-25.026640371732796
-24.927029788895698
-24.798000160031783
-24.650841902815134
-24.523548513735363
-24.393562155694806
-24.24596133963279
-24.09105046842919
-23.937793710007718
-23.811892486704217
-23.71663746883798
-23.65014644549496
-23.608018444482777
-23.588304526642588
-23.59566464026023
-23.630641702487754
-23.685578783414925
-23.748848364971728
-23.813897259348398
-23.884424153776248
-23.94163058886262
-24.010205637292298
-24.08858835665359
-24.153671040920837
-24.188550583446126
-24.214918100633774
-24.244091201919623
-24.282537335748373
-24.321055960370217
-24.344565716903517
-24.352286704847106
-24.351758382485997
-24.364961008862615
-24.396216291709194
-24.42889707462071
-24.462854922605388
-24.503823475437756
-24.557656571642383
-24.626001858063486
-24.71878395009725
-24.82298336590535
-24.92969475167048
-25.044213367152157
-25.173187017765983
-25.31933163032559
-25.47485980378335
-25.6159442215423
-25.720867688486713
-25.8061077976129
-25.874771980002635
-25.928178996173976
-25.941643141130626
-25.912744434434924
-25.853483787278797
-25.77503973762848
-25.683329071701834
-25.572820431050594
-25.43302484852778
-25.37254610629313
-25.312067364058485
-25.25158862182384
-25.19110987958919
-25.13063113735455
-25.0701523951199
-25.009673652885258
-24.94919491065061
-24.888716168415968
-24.82823742618132
-24.767758683946674
-24.70727994171203
-24.646801199477384
-24.58632245724274
-24.525843715008094
-24.46536497277345
-24.404886230538803
-24.344407488304157
-24.283928746069513
-24.223450003834866
-24.162971261600223
-24.102492519365576
-24.042013777130933
-23.981535034896286
-23.92105629266164
-23.860577550426996
-23.80009880819235
-23.739620065957705
-23.67914132372306
-23.618662581488415
-23.55818383925377
-23.49770509701912
-23.437226354784478
-23.37674761254983
-23.316268870315184
-23.25579012808054
-23.195311385845898
-23.13483264361125
-23.074353901376604
-23.01387515914196
-22.953396416907314
-22.892917674672667
-22.832438932438023
-22.77196019020338
-22.711481447968733
-22.651002705734086
-22.590523963499443
-22.530045221264796
-22.46956647903015
-22.409087736795506
-22.348608994560863
-22.288130252326216
-22.22765151009157
-22.167172767856925
-22.10669402562228
-22.04621528338763
-21.98573654115299
-21.925257798918345
-21.864779056683698
-21.80430031444905
-21.743821572214408
-21.68334282997976
-21.622864087745114
-21.56238534551047
-21.501906603275827
-21.44142786104118
-21.380949118806534
-21.32047037657189
-21.259991634337243
-21.199512892102597
-21.139034149867953
-21.07855540763331
-21.01807666539866
-20.957597923164016
-20.897119180929373
