15.282395787385411
15.201128744318158
15.119861701250905
15.038594658183653
14.9573276151164
14.876060572049147
14.794793528981893
14.71352648591464
14.632259442847388
14.550992399780135
14.469725356712882
14.388458313645629
14.307191270578375
14.225924227511124
14.14465718444387
14.063390141376617
13.982123098309364
13.900856055242112
13.819589012174859
13.738321969107606
13.657054926040352
13.5757878829731
13.494520839905846
13.413253796838594
13.331986753771341
13.250719710704088
13.169452667636834
13.088185624569583
13.00691858150233
12.925651538435076
12.844384495367823
12.76311745230057
12.681850409233316
12.600583366166065
12.519316323098812
12.438049280031558
12.356782236964305
12.275515193897053
12.1942481508298
12.112981107762547
12.031714064695294
11.95044702162804
11.869179978560787
11.787912935493535
11.706645892426282
11.625378849359029
11.544111806291776
11.462844763224524
11.38157772015727
11.300310677090017
11.219043634022764
11.13777659095551
11.056509547888258
10.975242504821006
10.893975461753753
10.8127084186865
10.731441375619248
10.650174332551995
10.568907289484741
10.487640246417488
10.406373203350235
10.325106160282981
10.243839117215728
10.162572074148477
10.081305031081223
10.00003798801397
9.918770944946719
9.837503901879465
9.756236858812212
9.674969815744959
9.593702772677705
9.512435729610452
9.431168686543199
9.349901643475947
9.268634600408694
9.18736755734144
9.20732412453318
9.215920332569793
9.209898094086805
9.192549714554927
9.159056181055666
9.108091078999582
9.040909837406188
8.957958110703604
8.861325983274554
8.751385677967379
8.629676317029695
8.499967227449257
8.365875615079236
8.230804022288671
8.09719625210987
7.966901243414881
7.825205924430937
7.652420917521609
7.4866492256581845
7.3242810777024925
7.162613062797639
7.007967256509796
6.849690575034808
6.685441057719876
6.517153535641388
6.346980355624281
6.1767581689156845
6.008044017037239
5.842099464292169
5.679107458994233
5.518541751686487
5.357289011680841
5.196216871607949
5.037451339877241
4.880354001596638
4.730361745777592
4.597328487970402
4.455849375594115
4.315945341594524
4.172855960780625
4.021733224492226
3.8724074790887903
3.7231882483070846
3.5735020646408104
3.424015277160844
3.2735741074153024
3.122365943316222
2.9687774256700576
2.8118270790073927
2.653410722835909
2.493982240897352
2.3375355550641577
2.181664397717804
2.026181438092933
1.8667076104356368
1.6864597678277233
1.5096637489237499
1.3370850026190386
1.1663118365789462
1.0061858421958407
0.847193564186776
0.6857317699232691
0.5226292293882197
0.3589840045678857
0.19665482704381831
0.036989421306150114
-0.1199057213105181
-0.2747102427882153
-0.42855149710649454
-0.5847295083534645
-0.742874383166526
-0.9008035456794566
-1.057937318759653
-1.211269590147185
-1.349389238141887
-1.4951379982833457
-1.6375181288936245
-1.7811147928809417
-1.9313309007951651
-2.078576681112042
-2.224472530963907
-2.3696738413046314
-2.5137414320940725
-2.658221596328905
-2.8032947392318244
-2.950857475236376
-3.1021321698303135
-3.255337131048024
-3.4101407680887275
-3.562617643933337
-3.714832604294198
-3.867013596868975
-4.02583201892276
-4.208820660744582
-4.389717348485849
-4.566805725676368
-4.741532451159084
-4.905570077730124
-5.068834728863869
-5.235491116612431
-5.404701019179668
-5.575090780569429
-5.7447049770731216
-5.912126724652457
-6.077132379919663
-6.2401557722216126
-6.402156741040022
-6.566312289330753
-6.731794006928388
-6.896617342250727
-7.06012429727669
-7.2187488047638535
-7.361311240156962
-7.511750374537841
-7.65889052977683
-7.807198199858996
-7.96203435124616
-8.113714091512552
-8.263924826577519
-8.413339872431592
-8.561523513788883
-8.709985013325477
-8.858894329856536
-9.010097167039639
-9.164719019552429
-9.32103415954469
-9.4787093212479
-9.633849369754387
-9.78857712566551
-9.943284481546051
-10.10357765957984
-10.287243049866943
-10.467932248116247
-10.644873829917259
-10.819948107928806
-10.984735962634224
-11.148850570492172
-11.316388772242126
-11.486506352968584
-11.657849245231015
-11.828398562382263
-11.996638551775535
-12.162348382400461
-12.325925677967856
-12.488314308954504
-12.652691736084206
-12.818175609186934
-12.982787696080784
-13.145812062034624
-13.303538288092671
-13.44484871574441
-13.593158359032985
-13.738014642010409
-13.883886270667961
-14.036071996111543
-14.184952633529498
-14.332226711560697
-14.47857981112336
-14.623615043970343
-14.768893887839623
-14.914630683986209
-15.06268374637036
-15.21418066952988
-15.3674273280811
-15.522097091714334
-15.674382509669584
-15.826281074838215
-15.978184422561984
-16.13592267732753
-16.317341931993127
-16.49617845220179
-16.670948252502072
-16.843665348715167
-17.007779879548004
-17.171833166633004
-17.339339171984612
-17.50965642460369
-17.681462566584848
-17.8526719385011
-18.021644073496834
-18.188121321158672
-18.3524607873945
-18.515445480610218
-18.680186836084662
-18.845838293855174
-19.00998593104168
-19.172586597100878
-19.329865512182423
-19.470039005431108
-19.61778843507308
-19.762391806933064
-19.908453100417297
-20.061418488968766
-20.211529738748887
-20.360455459782944
-20.508843582264088
-20.6561743988189
-20.80382122729503
-20.95179873874518
-21.10183197434922
-21.25493325938113
-21.40928453298
-21.56461162123413
-21.717032812750496
-21.868652601778493
-22.019868544812464
-22.176696310805678
-22.355704477409805
-22.531195755031227
-22.70116138016349
-22.869973541661892
-23.031184595113913
-23.19260234738595
-23.35755938964336
-23.525448807709996
-23.69502557837743
-23.864206325903744
-24.03125842130964
-24.195877441526765
-24.358422258735576
-24.51960614051579
-24.682507800259025
-24.84626167499163
-25.008810952742976
-25.169092528128417
-25.323874394070735
-25.462037699888747
-25.607378844358504
-25.74960781537166
-25.893417608063128
-26.044087427530194
-26.191890938233275
-26.338568294665343
-26.484697020523814
-26.62973166016719
-26.77503988451058
-26.920643989449953
-27.068294533961218
-27.219009182290247
-27.370987733731788
-27.523977525148528
-27.674197564178588
-27.82360669778626
-27.972575470898665
-28.127116124182674
-28.304337280247516
-28.478871412721013
-28.649571386949926
-28.81784197914312
-28.975545299230312
-29.132436233044206
-29.292765663463882
-29.455896809174995
-29.620490021038666
-29.78444306548465
-29.946138711672454
-30.105313778257422
-30.262374587197577
-30.41816075953021
-30.575801509012177
-30.734440829300436
-30.892076537907545
-31.047960342682533
-31.198556971201086
-31.332539918500043
-31.474605773216584
-31.61397030111608
-31.755148089427998
-31.903586248747693
-32.0495428640456
-32.194707995922705
-32.339618738421436
-32.48367246090646
-32.62812557738907
-32.77290571010381
-32.91970759143713
-33.069483700993274
-33.22033707964041
-33.372036615732135
-33.52081438858333
-33.668635736971616
-33.81586869007889
-33.96902069507805
-34.14487411643149
-34.31663736001205
-34.48338287901317
-34.64870053369529
-34.80632361603389
-34.96413630772351
-35.12548859528689
-35.289757353969904
-35.4556566378976
-35.6211256888356
-35.78439188427206
-35.94520363016545
-36.10394719967766
-36.26132330753825
-36.4203734728246
-36.58026695461311
-36.73875880785647
-36.89518707414991
-37.04583475773653
-37.17990720801144
-37.32184665005853
-37.460887398289955
-37.60166921102098
-37.74952726784996
-37.894795337338934
-38.039194203638736
-38.18323352913619
-38.32629553092673
-38.469629565879835
-38.61318531244347
-38.75866119347065
-38.90699046437379
-39.05626719907166
-39.20632380479792
-39.35338412582639
-39.499392598782634
-39.64479153757162
-39.79579506141043
-39.96895724365515
-40.13821861147819
-40.302429471401666
-40.46327903366129
-40.61563497976407
-40.76802466941897
-40.923613570436196
-41.08180308300482
-41.24138656289835
-41.400450454050485
-41.557250576107165
-41.71158290653436
-41.86399069215706
-42.01523809804916
-42.16833993036362
-42.32300563660922
-42.47626499245217
-42.62769548906264
-42.77386437932715
-42.90336473188951
-43.0408132770079
-43.17529490856818
-43.31144831024168
-43.454712885618335
-43.59543858225376
-43.73530891496538
-43.87485594876718
-44.01349691894159
-44.15249757196252
-44.2918334138658
-44.4332482262129
-44.57773731521847
-44.723307486565155
-44.86983513842415
-45.01345077684211
-45.15622661799768
-45.29836765680267
-45.44726374184755
-45.619217856816945
-45.78864227929706
-45.951866486444366
-46.110491772233374
-46.26020692309651
-46.40973512444045
-46.56223896958195
-46.717063590842315
-46.87303168663007
-47.02836536927445
-47.181380796917615
-47.331911210128936
-47.48060094851841
-47.628287450833334
-47.77803479981106
-47.92918768796785
-48.079949222184055
-48.22901041137752
-48.37312237796922
-48.50125638421695
-48.63763306265406
-48.77127275368495
-48.90702797469088
-49.05035389364035
-49.19153428120892
-49.33223606539241
-49.472940629289944
-49.612978402731905
-49.75349129248346
-49.89432692477372
-50.03713100039595
-50.18281959888234
-50.32936895935855
-50.47661624428437
-50.62070273966022
-50.76372900869421
-50.9059109537867
-51.05413743641158
-51.22462442653355
-51.391103801666105
-51.55156021590692
-51.71011932869984
-51.86045000363602
-52.010254524734265
-52.16278851336023
-52.31760352092619
-52.47363289304084
-52.62900431420497
-52.78206206871054
-52.93265547654483
-53.081374686801325
-53.229117626467044
-53.379027856347
-53.530472247521516
-53.68128871265893
-53.830736409324665
-53.975111853356914
-54.10312258581374
-54.23932048034777
-54.372774343550006
-54.508159694572505
-54.650905165707314
-54.7913176234437
-54.93105253295375
-55.07063771915761
-55.209507831784876
-55.348901175981084
-55.488752231457234
-55.63079528358719
-55.776021482554036
-55.92240790997091
-56.069750397597325
-56.21415180932483
-56.357673508563934
-56.500518985957015
-56.65000863844769
-56.823333387198815
-56.993767201953666
-57.15685626416675
-57.31490231010078
-57.46341488693813
-57.61106080762401
-57.76112448035359
-57.9130989511556
-58.065946314441625
-58.2179970767922
-58.36767867485183
-58.514921157893305
-58.6605207979587
-58.80552182958253
-58.95668278135704
-59.107843733131574
-59.2590046849061
-59.41016563668064
-59.56132658845517
-59.7124875402297
-59.86364849200423
-60.014809443778766
-60.1659703955533
-60.31713134732783
-60.468292299102366
-60.619453250876894
-60.77061420265143
-60.92177515442596
-61.072936106200494
-61.22409705797503
-61.37525800974956
-61.526418961524094
-61.67757991329862
-61.82874086507316
-61.979901816847686
-62.13106276862222
-62.28222372039676
-62.433384672171286
-62.58454562394582
-62.73570657572036
-62.886867527494886
-63.038028479269414
-63.18918943104395
-63.340350382818485
-63.491511334593014
-63.64267228636755
-63.793833238142085
-63.94499418991661
-64.09615514169114
-64.24731609346568
-64.39847704524021
-64.54963799701474
-64.70079894878927
-64.85195990056381
-65.00312085233834
-65.15428180411287
-65.30544275588741
-65.45660370766194
-65.60776465943647
-65.758925611211
-65.91008656298554
-66.06124751476007
-66.2124084665346
-66.36356941830914
-66.51473037008367
-66.6658913218582
-66.81705227363273
-66.96821322540727
-67.1193741771818
-67.27053512895633
-67.42169608073087
-67.5728570325054
-67.72401798427993
-67.87517893605445
-68.026339887829
-68.17750083960352
-68.32866179137807
-68.4798227431526
-68.63098369492712
-68.78214464670165
-68.93330559847618
-69.08446655025072
-69.23562750202525
-69.3867884537998
-69.53794940557432
-69.68911035734885
-69.84027130912338
-69.99143226089791
-70.14259321267245
