0.41434108147686
-1.13014263711772
-2.35021069560155
-3.36858806680346
-3.71100820325279
-3.1664354220555
-1.91288537301674
-0.268835389730551
1.51646027939539
3.17585304010221
4.7522792376162
6.26585660279755
7.67378909078523
8.87886169100624
9.55470307122268
9.57999738914551
11.0879843664735
14.5800505649339
16.2394956072062
18.3822423576355
20.2881707487545
21.3229110645758
21.4087114278762
20.4568158126466
18.8337206963497
16.9512577669204
15.1018926396573
13.6642941114825
12.922663813953
12.8894222787046
13.359179846177
14.0764580990173
14.9134497661516
15.901713875017
16.9890655441839
16.5411199177036
15.0366838216001
14.4582570099791
12.9232404422601
10.9741895729465
9.07424302457673
7.00623975826688
5.44324603137054
4.73490171771682
4.6977940287821
5.08184230055605
5.50145823548284
5.79127102003945
6.03368603298967
6.3832767703786
6.88131578081574
7.47256058248741
7.90269698662634
7.5524608232433
7.44149577247609
10.9114845276937
12.3780806830799
14.2758154793095
16.2216179600883
17.4043242075382
17.4818621251097
16.360963144922
14.5071829307688
12.3932013880802
10.3511823779083
8.66252606165997
7.62587162497815
7.33458645660815
7.68882917953619
8.42942747946068
9.38343581029202
10.6324326342044
12.0575453060716
13.3481631215655
12.1127717392864
11.6575193834938
10.4489007404931
8.71391107603061
6.88470372498257
4.84620681072202
3.19150192023425
2.39358074714605
2.28914820500176
2.70797434368599
3.26009500066257
3.66987975541031
3.96005076301368
4.22946554397309
4.57917186101764
5.0165887180855
5.28750873427204
4.63130958155588
3.71212430700951
5.5277607280901
7.0987344534148
8.82748022666752
10.8335610399224
12.3853538203941
13.2313587462197
12.99783566899
11.9349373133528
10.3177262018565
8.57644824417698
6.96024545229713
5.81036536267462
5.31943768076526
5.44262501057978
6.01276680383691
6.8507541121414
7.94288020234251
9.27297575401141
10.4889620640637
9.64380494317251
9.00582866866633
7.68129191877493
5.80444911407492
3.9176822628565
1.89725480026149
0.355342930763909
-0.325843723413088
-0.247271234248549
0.380957677764188
1.13680449070469
1.72742587008782
2.1579535212029
2.5530820024018
3.01889639094901
3.50458077854893
3.6799057198241
3.0396707812561
2.18636528507572
4.1493917971321
5.58850376984112
7.3870780040174
9.47373070025412
11.1261552137644
12.2681059184261
12.5532809534399
12.045764007298
10.9289593680661
9.56733849169171
8.20474203370579
7.19652907108724
6.75983522016659
6.87050337479067
7.3667894249864
8.07739711411191
8.93350397534873
10.0986532819111
11.1096042610669
9.66565267148186
8.94604733259883
7.59547188079247
5.72322785527836
3.83766378556827
1.84154599093135
0.333941352726297
-0.284590128850944
-0.163988329931416
0.474570178999024
1.19475702587162
1.72183427828643
2.0890534510609
2.43338952531389
2.86543844478028
3.34896817052869
3.56697371692685
2.93865795077698
2.11033974482024
4.10864040410897
5.56792970623588
7.35160774298184
9.43872574888717
11.0899088526934
12.2031329728287
12.446655943914
11.8838699148443
10.7143039041861
9.3019818659588
7.87847362571623
6.81761312390052
6.34255607185441
6.43346427697994
6.92419630272436
7.63611093794834
8.50665241659441
9.69146055408002
10.7079138549504
9.06674951524776
8.36854120539907
7.01804120996338
5.16359518524576
3.29635241046499
1.30899332800274
-0.189658653287607
-0.789413049283549
-0.64366009481536
0.0108510024930939
0.724544190717134
1.22706356929149
1.56767369372276
1.89297178526717
2.3139724246606
2.79782356969803
3.03456260645235
2.41840803574864
1.59275332058222
3.57143295617706
5.07186497496333
6.89922688477946
9.01439591036366
10.6740218549669
11.7486389914831
11.8774456674887
11.1246804142432
9.75968664828437
8.17438969422485
6.60378720396237
5.4112251314924
4.83603520838118
4.86222619345219
5.31996990434179
6.03372812873949
6.92411562843995
8.15156632962957
9.22218027220649
7.5423355743271
6.85628955303453
5.49658771571478
3.63805416477785
1.79814345118072
-0.147191476094262
-1.57849541966471
-2.11695845902317
-1.8788128265371
-1.13135328442376
-0.334701837339836
0.244100818762322
0.649801270312389
1.03774593078954
1.51995848508356
2.03530083114015
2.25170332842802
1.65023864961967
0.839395279151999
3.09536925584023
4.56966328692801
6.40225355411376
8.53350585643521
10.2091836466931
11.321168226653
11.5440799631372
10.9561284751544
9.75826252796778
8.32323225848068
6.88225749017503
5.81172537030597
5.33746870547477
5.434323348757
5.92820200038763
6.63692094638617
7.50485226691242
8.67746286337931
9.68038654969887
7.83795969488901
7.1544376562389
5.78836079546607
3.93909213358852
2.07488120325438
0.0893742521570041
-1.41257776740028
-2.01390401614546
-1.87501340770821
-1.23197912201917
-0.535307456173843
-0.0524399322157955
0.269501898307311
0.579684183666312
0.986878421463306
1.46259481603827
1.70720603876278
1.06664394223697
0.239111685882416
2.22290001198079
3.73499403703437
5.57356057139317
7.69132075751322
9.3454625594994
10.3923782551697
10.4369527661793
9.61475877591891
8.18201841994591
6.53549005407602
4.91417512629827
3.67911888476393
3.07416445541592
3.08229878764448
3.53216742087233
4.24925199469876
5.15918592436405
6.38431522212855
7.47855817767495
5.82069252108222
5.13811122174891
3.76843378019941
1.90135801565074
0.0712266472250122
-1.86229955274255
-3.27738046124528
-3.8042852217952
-3.54797884994299
-2.77925578058005
-1.95938439902059
-1.35592111766661
-0.92878140196294
-0.524654252158366
-0.0314299072323291
0.483374163224789
0.683670621320461
0.0718018626607168
-0.745964620357099
1.51509715932783
2.99116869563837
4.83477569000131
6.97542463733842
8.65906382563412
9.78380001907524
10.0188097377885
9.43555463685028
8.23058522458326
6.77532463717747
5.30817787972259
4.20706314781317
3.70722175211954
3.78205996859475
4.25566590209376
4.94745254910243
5.79550620384318
6.94930794721189
7.93242546051213
6.07679419683686
5.37126808934002
3.99196572931872
2.1239719461511
0.257545759779211
-1.72477984704242
-3.22475896712913
-3.82327855293449
-3.66886061597933
-3.00219688204273
-2.27679364487899
-1.76466978136185
-1.41974619618362
-1.09425918672333
-0.67736495173056
-0.204141086213157
0.0180361068709138
-0.614297554715277
-1.45233119352541
0.634401482413953
2.09270548408114
3.89088694706712
5.98291537505647
7.62740699697886
8.70469804671626
8.85379739471717
8.16371843501651
6.87114548933416
5.35947139578157
3.86214858081278
2.74316735348362
2.22741647408637
2.29664915824942
2.77690081375041
3.49376516284186
4.37764129061876
5.58699551512376
6.62895535040742
5.01105468625316
4.27980594275708
2.89263299360341
1.00359401878632
-0.853920017367958
-2.81779530348858
-4.28075622832621
-4.85473194027491
-4.6679997360969
-3.96970503358954
-3.21201630826916
-2.66637705145797
-2.29378449354981
-1.94336527967762
-1.5047406190416
-1.02381379713176
-0.838321067529936
-1.47239307581377
-2.30837304320011
-0.172608413360715
1.26014994240598
3.04710913286847
5.13366476502808
6.78491586881103
7.89866473718026
8.14045199864437
7.57694796384316
6.40155296036037
4.98054329275271
3.54884939251623
2.47727270465585
1.99205062175511
2.07238642487951
2.54882783547893
3.24713929035479
4.10371049428249
5.26457632362149
6.26664501764677
4.4254045401634
3.69409585154504
2.31656296443367
0.436325233190615
-1.41270621098399
-3.36116064383113
-4.80344466446883
-5.3540438555966
-5.14493606098009
-4.43313609361521
-3.67311796553748
-3.12939229536572
-2.75812277232286
-2.40611230175392
-1.96335897161214
-1.479227722107
-1.28643095117444
-1.91860271936635
-2.75290072113383
-0.649013494335328
0.792421521827101
2.59362436747027
4.68855245938585
6.34446885193523
7.45415954133351
7.68634005070758
7.11367462844643
5.92876345362848
4.50127064867627
3.06614695771021
1.99287647731141
1.50697814189444
1.58651743826953
2.06106523130882
2.75601013125917
3.60832060997797
4.76077294992947
5.75868453790563
3.91772159447875
3.18896698973699
1.81235952449599
-0.0665752768659156
-1.91186191738362
-3.85757527473137
-5.29990193951925
-5.85147771550502
-5.64326709742976
-4.93171330716254
-4.17043119126398
-3.6244523744371
-3.25108676537575
-2.89817302940009
-2.45562542537755
-1.97288997239558
-1.78093859156734
-2.41571960023484
-3.2538727530725
-1.14816470036506
0.290137256892069
2.09140543247299
4.18474024199552
5.83728039108525
6.94087541198643
7.16589856233703
6.58640110620344
5.39525141140231
3.96329045092699
2.52572419511194
1.45200841786503
0.966833780639138
1.04725433995046
1.52264043628899
2.21793952883171
3.07036248238429
4.22655343366014
5.22369770594285
3.39087983405008
2.66172740722887
1.28566305301834
-0.594466878393223
-2.43795410269675
-4.38215694879648
-5.82511258734573
-6.37841128931031
-6.17293717017388
-5.46365253981016
-4.70351280231526
-4.1577243195844
-3.78496863692764
-3.43358533219302
-2.99380542621928
-2.5147084960227
-2.32759118037779
-2.96707895761056
-3.80940380672072
-1.70958253973007
-0.272238574380464
1.52582877070256
3.61459386103503
5.26366625236902
6.3655684017636
6.58926533704559
6.0074489953772
4.811175997348
3.37154460743607
1.92624570160089
0.843615939649348
0.349780149522716
0.421863469701178
0.888854791685487
1.57686382277744
2.42112835796042
3.5654030652985
4.55704093481475
2.84848653848845
2.13848561993195
0.757574084103511
-1.11687662144352
-2.94973539151728
-4.88570997183882
-6.31685010842222
-6.85747823840473
-6.63556319585244
-5.90727488339105
-5.13037277291604
-4.5699376758546
-4.18032875528561
-3.81395921252889
-3.35389229878792
-2.84922614963655
-2.61108591690281
-3.22759426705184
-4.05765879023685
-1.90655061112837
-0.396221449028855
1.47149217565553
3.61840596030602
5.2916562964693
6.33658171158437
6.36421232278858
5.48981113788561
4.00061509326267
2.29842125592306
0.628722387714716
-0.6433790163869
-1.2707993885114
-1.2696494066478
-0.826507077066904
-0.117870627825344
0.781611279308745
1.99137710754908
3.06498042680143
1.2793638335956
0.563557148649474
-0.846160279750266
-2.73697790943196
-4.56433905805466
-6.49414498736287
-7.91667348779484
-8.45159408422236
-8.20594596391858
-7.44824791662247
-6.63943528986711
-6.0493203670296
-5.63828716456427
-5.25347149843669
-4.78370696506985
-4.2921938860726
-4.11378009186852
-4.75213373894065
-5.59480950574315
-3.32548196717593
-1.9214785757917
-0.138974688831151
1.9341235136484
3.5585155886457
4.63435862513217
4.82673208272951
4.2050749613007
2.96004205389526
1.46826928725205
-0.025010325051399
-1.14848911059298
-1.66998256937307