0.60718607770327
0.0589717929636152
0.269709258814351
1.04052297418
2.15538140421964
3.32664918577733
4.25413056639019
4.97963629788184
5.46682130514296
5.97880899326421
6.59090075661319
7.12962477526247
7.35469517488908
7.23236065103424
6.33661749849739
5.06911959737091
5.96619288200028
10.6621179759852
13.1695456978756
15.813851384606
18.2926356652097
19.4576937781046
20.5354063927335
21.7555216667864
23.1235907893064
24.4934776127538
25.7261008251039
26.5676758865164
26.8443810823787
26.6945997141633
26.3005357769726
26.2136737824186
26.3289035594245
26.333707051008
26.3755393259052
25.4161751626957
22.2629133132278
20.4916845416255
18.4557222992385
16.7364762786617
16.0057666881847
14.8542013549448
13.5698014660505
12.224333908252
10.7157873139813
9.23477512439744
7.78639344474536
6.64368624671616
5.97462986342278
5.51044944246346
5.20388889020587
4.45880165059519
3.6670499386474
2.811648508139
2.56144576151237
5.68462460755478
8.69452613891247
11.2348801106744
13.5346632454206
14.1175869460397
14.4475423098337
15.1260656033704
16.1239203029558
17.286322737154
18.3105745732067
18.9757403438359
19.2532829794075
19.2358598179796
19.0694620255193
19.2424011412821
19.6955188486281
20.0338042161856
20.2249922252977
19.783470816998
16.9093188847392
15.1040653587249
12.8187449336053
10.8321041042944
9.92903075238285
8.6385921017131
7.19870531586508
5.70692058970891
4.07910000746281
2.52774445586574
1.05316505521144
-0.0840831091297959
-0.714946356649674
-1.12809713783556
-1.37072553408854
-2.03981406074356
-2.79111277628648
-3.62027567966774
-3.49526840112148
0.12380386468585
3.32841762351624
5.92335189303775
8.13088603003813
8.69039120428956
9.05137925917375
9.84185221658954
10.9468407385321
12.1826400992876
13.2728112630567
13.9952210200529
14.3147266506631
14.3072232237537
14.1335998324861
14.2861829899807
14.6541094375623
14.9428055976963
15.082838154764
14.4898699115287
11.5188094121169
9.70647876874767
7.46477007198461
5.49675375165257
4.59365739278037
3.2990910212087
1.86087317830076
0.368199653087147
-1.26459159111105
-2.82742073132063
-4.31841904711501
-5.4815582277242
-6.151013243841
-6.59281746615111
-6.86884707679355
-7.56536285814894
-8.33520533916656
-9.16450368294951
-9.20290262379173
-5.63779494061535
-2.4768383794731
0.13615318136791
2.39787100135178
2.96395015236276
3.30029909129822
4.06470608758542
5.1528152912238
6.3800999256872
7.45449424377127
8.15329896647481
8.45400901227874
8.42939659853927
8.24329887348158
8.39036573331005
8.74699297311373
9.02771047124901
9.15185751778438
8.51644594423595
5.48810118979765
3.62062772365529
1.35699920649229
-0.639648752116455
-1.57908233513445
-2.90214215416811
-4.36908122469162
-5.89023691421186
-7.5460744342087
-9.12462993664356
-10.6221771081191
-11.7872127449766
-12.4564477513844
-12.893138292984
-13.163449860341
-13.8381557985012
-14.6054267155727
-15.4298002845756
-15.4284180673231
-11.8619797735012
-8.70373895670366
-6.11923458542304
-3.89382297135924
-3.36437250999017
-3.04615544776815
-2.28782504454558
-1.20267256982918
0.0225506321056586
1.09183895287132
1.78675361787332
2.08280691417455
2.05511397350266
1.8645100415667
2.00701040841747
2.36011175967097
2.65384124553463
2.76734453401938
2.17489138434226
-0.871661427193919
-2.66978683469964
-4.87002022423707
-6.81376649136352
-7.69398620097396
-8.9623023819872
-10.3782798253555
-11.8567175954936
-13.4818415071792
-15.0460393342159
-16.5481799178545
-17.7248724826397
-18.4104203394306
-18.869811882516
-19.1646479102171
-19.8694948206522
-20.6662783952166
-21.5191022147394
-21.5327996262401
-18.0016727155874
-14.8245105813371
-12.2520848266333
-10.0614382058092
-9.56029166953513
-9.25466533041913
-8.50456331783665
-7.42410621071636
-6.20113123292756
-5.13373592255197
-4.43788355570944
-4.13962292515261
-4.16056737654089
-4.34047855701033
-4.18435724814426
-3.8134993232668
-3.50220750981194
-3.36970216251943
-3.94674796246076
-6.90399742263533
-8.68065478854686
-10.8509921577905
-12.7536015426648
-13.5955207261353
-14.8315680117666
-16.2184772717405
-17.6751062017427
-19.2887603435941
-20.8528795231291
-22.3660562458173
-23.5574252403341
-24.26204628171
-24.7460747272348
-25.0638223132794
-25.7755717907765
-26.599605558459
-27.4768501312432
-27.5074810504093
-23.986982225415
-20.8169930627307
-18.2528495178516
-16.0792904079377
-15.6015830620219
-15.3232623334431
-14.6038545491206
-13.5462138705667
-12.3389324090007
-11.2854628644266
-10.6011272946853
-10.3093090138409
-10.3285464590931
-10.5013048019202
-10.3336299196804
-9.94551803597648
-9.60671205415657
-9.46243071903311
-10.0081183322426
-13.0098305227653
-14.7533933691021
-16.8977044307551
-18.7866014666814
-19.6045497590162
-20.8209478165095
-22.193472270878
-23.6403214360619
-25.2451071613459
-26.8037258433052
-28.3131866423726
-29.4989129732724
-30.1964036049817
-30.6777964939785
-30.9915101826288
-31.6990964817463
-32.5253144209117
-33.4071725068928
-33.3712688739681
-29.7609073151179
-26.5820256705843
-24.0383449783926
-21.9190159081555
-21.4810066952513
-21.2335623766578
-20.5349393984717
-19.4926768059407
-18.2984526460671
-17.2509394319089
-16.5681754120858
-16.2707750321357
-16.2773844055025
-16.4306257632756
-16.2410718653979
-15.8287146497232
-15.4648217412444
-15.3002141905291
-15.8497733856149
-18.7741284129203
-20.5162995230985
-22.6662646794078
-24.5591268771145
-25.3831184042784
-26.6074670074027
-27.9895549481741
-29.4463945941034
-31.0617353609052
-32.6284333262533
-34.1432251649826
-35.3324831484732
-36.0333837342177
-36.5185841689595
-36.8332539097446
-37.5421100560352
-38.3672057908648
-39.2468945369203
-39.2562872280074
-35.7080535082096
-32.5094744307665
-29.9741044995378
-28.1456666657485
-27.8182017976012
-27.5812318526395
-26.9205777153103
-25.9201768070482
-24.7607762064828
-23.7280387664832
-23.0552574827626
-22.7601454281077
-22.7461786340063
-22.8689342682249
-22.6532583636749
-22.1324519696284
-21.7853560409194
-21.5742247929722
-22.0378589077438
-24.9799507106389
-26.7051293750933
-28.8690218074831
-30.7917598722452
-31.6291010987856
-32.8660637014985
-34.263324090146
-35.7287948069564
-37.3407104341121
-38.8927841468251
-40.3798910588501
-41.5287143792482
-42.1768541959478
-42.6190382365913
-42.885094739624
-43.5608665384416
-44.3527096128694
-45.2137922912148
-45.031905872812
-41.3236935021723
-37.9168942216038
-35.5520745920682
-33.9031607407893
-33.6287459234981
-33.4130766987055
-32.7754083387798
-31.8072236037072
-30.6800287990265
-29.6627499619995
-28.9970949779395
-28.7048347750708
-28.6792447058233
-28.7825078693724
-28.5403344078907
-28.0471484502643
-27.5722200457202
-27.3188097197502
-27.7666566011565
-30.6271676034794
-32.3275667807777
-34.4688802390764
-36.3466634656614
-37.1498981279324
-38.3667580929841
-39.7405438063705
-41.1889909297437
-42.7944213989817
-44.3522760916618
-45.8526574615364
-47.0199581793925
-47.6948359949081
-48.1652808172055
-48.4587976843164
-49.1603847332176
-49.9711348712178
-50.8431196962922
-50.7473767912066
-47.1716470662275
-44.0285456264201
-41.4881498291109
-39.4147843951883
-39.0137933393381
-38.8135985424937
-38.1790168729425
-37.1925074004152
-36.0423725757704
-35.0171698690443
-34.3447440681719
-34.0447286090554
-34.0250168241466
-34.1373830914593
-33.9000553995021
-33.4097040538297
-33.0008852400578
-32.7482092385454
-33.2412555649066
-36.2053374313
-37.9417481435795
-40.1044475017805
-42.0187118162904
-42.8603967264922
-44.1134071843222
-45.5218435533688
-46.9972192565842
-48.6161464321809
-50.1749866822957
-51.665997054605
-52.8125961479595
-53.4566566696977
-53.8981401324764
-54.1645401822781
-54.8463380275407
-55.6393484260937
-56.4972216288423
-56.3147739394849
-52.518275451249
-49.2169183475629
-46.8819817651563
-45.2820921283797
-45.0632788217911
-44.8991348205409
-44.2972593670762
-43.3492445191481
-42.2367661235454
-41.2213709229928
-40.5533486620384
-40.2476634018458
-40.1944180502256
-40.257646823638
-39.9726303997885
-39.3970915809877
-38.920882400838
-38.5975736071983
-39.01906840443
-41.9491552722108
-43.6614176623518
-45.8171805994997
-47.7096849854549
-48.5429455002365
-49.793783759442
-51.1963327442217
-52.6640976312737
-54.2718726041765
-55.8201428960931
-57.2993411835755
-58.4311036405902
-59.0593711083402
-59.4918013744091
-59.7482185313333
-60.4144852072569
-61.2021342940571
-62.0578193276676
-61.8555430271624
-58.0679409720482
-54.7699443479762
-52.433950566955
-50.8239496591239
-50.5920749905277
-50.4145017689108
-49.8067932049127
-48.8578816704029
-47.746686330457
-46.7320759133209
-46.0643273226116
-45.7597542630361
-45.7072925579315
-45.7716350431625
-45.4869736127126
-44.9275187732047
-44.4402297811522
-44.1093613376846
-44.5345039475559
-47.4598596879695
-49.1757481730834
-51.3509235249481
-53.2620519806567
-54.115643893448
-55.3837443296009
-56.8003969110255
-58.2754969304503
-59.8818827529886
-61.419603186241
-62.882351043662
-63.9947066357883
-64.6001341099417
-65.0107701703327
-65.2468279395513
-65.9118616273627
-66.6770891507651
-67.515214714591
-67.2887648625493
-63.4999820161035
-60.1989298713126
-57.8555788949288
-56.2357337038301
-55.9918351016451
-55.8034889551403
-55.1857414140252
-54.2312112629764
-53.1181360413004
-52.102424552056
-51.4349271699835
-51.131395202632
-51.0831697189243
-51.1521841035292
-50.8712345619398
-50.3372117123699
-49.8270492879618
-49.5275635565009
-49.97540254689
-52.9204452247815
-54.6484735847362
-56.8457018375614
-58.7921118893005
-59.6849966158372
-60.9865132180751
-62.4353800782743
-63.9401251887164
-65.5697224441501
-67.1188379373636
-68.5833735983533
-69.6938143663503
-70.2942342491146
-70.6931377081118
-70.9174455349719
-71.5681014953523
-72.3125934052545
-73.1295756675659
-72.9151825746431
-69.166931271437
-65.7170683794739
-63.3572104269188
-61.7137252547041
-61.4340812283244
-61.2116491554651
-60.5695735428789
-59.6028077650797
-58.4782544648295
-57.4564649985083
-56.7843331920368
-56.4816175728749
-56.4465669809854
-56.5365001113749
-56.2778071211807
-55.7741714758087
-55.3148114350697
-55.0419476137733
-55.5349580322855
-58.507630218219
-60.2559808453154
-62.4618998206865
-64.4149628678499
-65.3156883025166
-66.6218148893849
-68.0745823733696
-69.5855334388966
-71.2233816559211
-72.7835064315085
-74.2610970195781
-75.3858127136918
-76.0024906724269
-76.4132558138638
-76.6509511983955
-77.3111250111982
-78.0668887151992
-78.8877114655739
-78.6903125126703
-74.9524243755428
-71.5084301593331
-69.1470450644198
-67.4886779242304
-67.193668844111
-66.9568739492395
-66.2973896102516
-65.3167179797357
-64.1810360379307
-63.1552699690469
-62.481278341106
-62.1799637000956
-62.1528025988403