1.51687415007888
0.415558734800309
-0.333029849912728
-0.468911021260348
-0.0783544118495612
-0.146196075979241
-0.884165727351869
-1.79766545182174
-2.10340082588767
-1.20371480127201
0.211242349570918
1.07121103222215
1.29935192724209
1.4760374807617
1.69227171897555
2.26063167478532
3.5315286903616
6.6266314559396
8.92074141873662
10.9097285432647
12.9320814088743
14.6726477033991
16.383501168149
18.4625488177184
20.7542834443361
22.8788273071792
24.1219835429252
24.7572661591638
24.7629446013964
24.865156991384
24.8505541201769
24.9365653226486
24.6813303269894
24.1756700666034
23.2335418532212
19.9603467605381
16.8589598318251
13.6494404946826
9.84553276941984
5.69071809429444
1.38597403394344
-1.52346620981985
-2.61902805773347
-2.46950775797863
-2.30394230504251
-2.7272811372063
-3.5810764178583
-4.52394709650682
-5.5575691998912
-2.87388198752878
-1.5592628047842
-2.07021493231144
-2.93370635120499
-2.80573137746208
-1.33381247693406
1.16633376376364
4.08648999631011
6.09120727051651
7.36801751298157
8.1859591660069
9.04868178134078
9.98709665890408
10.9227065466673
11.4109425958815
11.7974512205162
8.64779439583149
6.15585888392494
3.34399343827014
-0.15890358303834
-4.21960055057509
-8.23996801025741
-11.0215972513864
-11.9786036889358
-11.4798745247948
-10.9788132439269
-11.1381853831027
-11.8379347364973
-13.0935081691506
-11.9300571796479
-10.3050485459013
-9.98753357823199
-10.5111909560406
-10.2914403434432
-9.15467731349224
-6.82087166240387
-3.7940417970784
-1.37535083753418
0.20139349003507
1.15795383059138
1.84782262000693
2.75100444536302
3.84784926213516
4.72016684018787
5.33506808667803
0.783516112081195
-1.07286965552524
-3.78459023325386
-6.81148466807234
-10.5976174996985
-14.228876602876
-16.3775222155244
-16.7059722077846
-15.8805632677176
-15.6241838293716
-16.1853671139509
-17.1413894408105
-18.2768913871613
-18.6072304755049
-15.1362818896655
-13.8639487825441
-14.4082255096463
-14.3062257249303
-12.7335136358188
-9.82281117984179
-6.51383972716685
-4.40336169879015
-3.45322001076742
-2.80846801585307
-2.34017722701314
-1.43210314350954
-0.434485378287895
0.267919087549622
0.72490874963535
-2.63884466601041
-3.80875479532267
-5.71068523367451
-8.32086574503458
-11.6885386318057
-14.8516040438986
-16.5163717681999
-16.3658154674885
-15.3500034491975
-15.1690713335472
-15.7781644545991
-16.5197938997324
-17.2642257728083
-14.0205448511442
-12.4047120718719
-12.3076621318932
-12.5224338406885
-11.7272554440319
-9.37349039977249
-5.91348399456926
-3.06383679219002
-1.32630316635588
-0.328517531117148
-0.00550292002648998
0.478006420042274
1.18681783741932
1.78759676843629
2.71557951169758
-0.228201692710189
-3.37601311477184
-5.50462132498446
-7.90214744172567
-11.3200521801205
-14.8856203443341
-17.1787540124883
-17.8148420318226
-17.2764715188112
-17.0493921435041
-17.6569339958106
-18.7879696491631
-20.4165423088696
-22.4447089401403
-18.063994723797
-16.8594314941647
-18.8835016078995
-19.9121563096591
-19.8570392337727
-18.6858095373098
-16.2799708629902
-14.508837379621
-13.4166000537522
-12.8689859665888
-12.6028518171188
-12.0970962647889
-11.3377698522289
-10.715069277688
-10.232016236499
-10.5775149118614
-13.6837955771995
-14.5762217616915
-16.0363387549687
-18.3916564378318
-21.3083753083634
-23.6563080454539
-24.5510975887499
-23.7772021379245
-22.4823818354997
-22.0397803091488
-22.3506795430518
-22.7221521426378
-20.9791480383488
-18.0881711593773
-17.1863864601735
-16.6617361059013
-15.4806962972139
-13.3968803436059
-10.3266392908153
-7.11629487944092
-4.82677552701271
-3.54576338534789
-3.02120344652348
-2.75132934395038
-2.37770458973951
-1.54298922312887
-0.689627424796071
-5.59888853414454
-8.19007693822251
-10.7951208302285
-13.0997682210708
-16.1587017292543
-19.9301847004535
-22.9328483607761
-24.3963900944772
-24.2276586021824
-23.8263390651279
-24.297265927105
-25.5352266910558
-27.4172516704849
-29.8963622819971
-28.2532115778509
-26.9863384265858
-28.357236314207
-29.7889101067093
-30.3422485282587
-29.5335609533245
-27.7448657292508
-25.8396016887078
-24.9009260805571
-24.2958883095692
-23.9153155464088
-23.1344092732363
-22.2543101128016
-21.3824749211608
-20.4682919363469
-19.4964043526849
-20.8433679652701
-20.6203610316806
-20.2451683841886
-21.1269332904564
-23.1805966736423
-25.1470363866015
-25.8321653695946
-24.987664128878
-23.6731037060448
-23.2877735703032
-23.4358606972023
-23.3031987262032
-19.9968126548165
-16.8818135794901
-15.7421623958436
-14.3404642632589
-12.3809083091972
-9.45178107186586
-5.67305922805244
-2.4892704211978
-0.240653943209126
1.01207760773208
1.62622374678265
1.76670677362928
2.01562820940642
2.17568581720089
2.2645852215583
-0.742559587419581
-5.69949829418744
-8.69489049642585
-11.4496900188959
-14.4871932680702
-18.4607084760323
-22.2142211016602
-24.4336521381604
-25.0101166104366
-24.7186249532977
-24.9682493776326
-26.1385433076381
-28.3236923876739
-31.3205865110337
-30.6384385551014
-28.5656772921763
-30.1633802321544
-32.5804304040061
-34.1836164971663
-35.160604465305
-35.309604217295
-34.4065562402793
-33.4005631185675
-32.9468007124913
-32.6673655111236
-32.1095074626655
-31.2949264470705
-30.6200449484917
-29.894918391251
-28.920353684127
-27.3549269822717
-25.8651978221391
-25.8305925459722
-24.3455253966648
-23.59628433762
-24.3288818360851
-26.1430504090755
-27.6011833310982
-27.7969416826007
-26.2998476772767
-24.6264744184313
-23.7462024903581
-22.2635992273214
-18.6214948047235
-15.7851589216263
-13.0710452822648
-10.8091666980164
-7.97485295499801
-4.5969626228992
-1.12207813867014
1.55672257395742
3.36408595941698
4.05491160487321
4.32673738979954
4.06782720947926
3.98004799949355
3.87055354097164
0.937224063866189
-4.02258660216537
-7.1973350281974
-9.67880017680047
-11.6860968945248
-14.425033608298
-18.2174101120132
-21.6480236938812
-23.4734494960585
-23.508365301988
-23.0793413699543
-23.3516883230091
-24.5717360396387
-26.8712094934546
-29.8889967076418
-27.0087752531062
-26.6115758050843
-29.1305123868869
-31.3867508429766
-32.6429606434005
-33.0421603656967
-32.6027112741079
-32.1242178686499
-31.44067919859
-31.2635304172367
-30.9564567916991
-30.4331295846639
-29.7972991380266
-29.0076578768742
-28.2221771560766
-27.0042485840093
-27.7382245083751
-28.0015465464909
-26.918622495018
-26.4531397660676
-27.5006864351651
-29.1320321721667
-29.6068988382451
-28.9853483732911
-27.3399710608518
-26.2870874618791
-25.9122403913206
-25.0005714913094
-20.8309144338604
-17.2775204641445
-15.4571883967892
-13.3987012008638
-10.8304883585644
-7.48503219957147
-3.21111566615227
0.40771700245596
2.75441892129266
4.22363356419336
4.98139937528632
5.50057457186855
5.69643019664244
5.87187609173367
5.59920855213006
4.79082690444814
0.425559409146625
-2.72617994033313
-6.20263467698627
-9.78779539139385
-13.9088591275947
-18.0990970484558
-21.1779800782512
-22.5606412181957
-22.5058114049091
-22.3284873921017
-22.9944171456615
-24.4670999304041
-26.6647634587588
-28.2301401758442
-24.6694718313169
-25.0014986360685
-27.5610090728821
-28.3385513883257
-28.7697040408062
-28.8354508266246
-27.5681536089237
-26.2538422321671
-25.3889843992718
-24.9751767136007
-24.7462188031981
-24.2532370609812
-23.5034955209713
-22.790173123257
-22.1522976017658
-21.4663529235487
-24.4422336521173
-24.2598754661242
-25.0196799081121
-26.6030335543299
-28.8620940097052
-30.5770829741666
-30.9879714007509
-29.8162438059943
-28.6861323216088
-28.4384044568008
-28.3269096918429
-27.9025029182491
-24.8815782292172
-21.4116201650577
-20.22655134125
-19.073570408887
-16.8643815996127
-13.7046207918091
-9.91968926657795
-6.92003087356581
-4.91443384900876
-3.90049910284579
-3.38943905065084
-3.25679678802301
-2.79889615885018
-2.30382307477511
-3.85189078735569
-8.02372082061949
-10.567625252194
-13.19399375564
-15.385094082884
-18.0718573022006
-21.765290824726
-25.0634673800256
-26.8618255305319
-26.8769944408234
-26.7979416434721
-27.4610712717816
-29.0834549880181
-31.8066582111076
-34.8631520732207
-31.5768533173827
-30.5263695798186
-33.8478445614195
-36.1740000666622
-37.5957484347183
-38.4664371810907
-38.6401461249704
-38.4443099985091
-38.1863650441381
-38.0224944246614
-37.9449970104676
-37.4497466802306
-36.5207254482747
-35.3974759010451
-33.8899668668558
-34.0046149730193
-35.1700966295504
-34.0965963041494
-33.326562275201
-33.9534223947616
-35.2130378749587
-35.7077684079388
-34.9497930089127
-33.4110897899261
-32.2773602250876
-31.4360911796881
-27.8682259285438
-24.0603223133026
-21.8818190001981
-20.0437928442083
-17.9150893615647
-14.9062110521408
-10.8746617475989
-7.27770792753166
-4.98304095445781
-3.61087402111911
-2.91912311526188
-2.59338476089573
-2.54972063174537
-2.49225956806204
-2.74597391659407
-4.72215411772383
-8.77880539769612
-11.6272460256819
-14.5584195687379
-17.7285498485997
-21.4802971341332
-25.8316438338137
-29.573620071292
-31.6479328223553
-32.0145088507353
-31.9372835340405
-32.6511738050758
-34.1754080306121
-36.4447987960558
-38.8083112019896
-35.2436683180908
-34.6203730242627
-36.721586865562
-37.8051097309393
-38.1144279585189
-37.6491573469316
-36.036220534862
-34.3895624929805
-33.1017881717892
-32.3569348419397
-31.8959228241976
-30.9876462324878
-30.2607778064167
-29.4936302714424
-28.6718381376606
-27.3901536910749
-26.4605699597709
-28.1103320783189
-27.5339315782102
-27.8994100930295
-29.4013424018388
-31.5893818425764
-32.9575748524585
-33.0309565357771
-31.4786674409445
-30.1845766490186
-29.7782397019123
-29.4036477420956
-26.5605494062625
-23.1358099622402
-21.6847936867944
-20.1508251773342
-18.4448397244271
-16.038308323213
-12.7101122678176
-9.42590192200099
-7.18128950030639
-6.00924333613296
-5.44817008026943
-5.37355857194465
-5.2732858475183
-4.94700983658192
-5.62793351916398
-9.82436610779533
-13.1846459111211
-16.2136977073733
-19.027656246429
-21.998375119733
-25.8575959594623
-29.5347734573385
-31.7989947409737
-32.3438799383334
-31.9746806526435
-32.1159139821544
-33.0804053501599
-34.6147077790044
-36.8554705316688
-36.4305188786835
-34.1289049310246
-34.558578069501
-35.3931096949131
-35.6216100141374
-34.5024446395046
-31.988377693331
-29.4927788713249
-27.8227262417215
-26.8751748120853
-26.1311678748924
-25.1613495608898
-24.2012054545725
-23.0506330772978
-21.8334183187086
-20.2398275161657
-20.9301267706636
-20.6485456360341
-20.0139183533784
-20.681749988384
-22.7318180307086
-24.8667326553532
-25.7885772668966
-25.1556378689587
-23.8671643292256
-23.4388817302478
-23.5622852964893
-23.449553524756
-20.1049431906536
-17.4015861136758
-16.1151096594505
-15.0167740333328
-13.0286838859024
-10.1111369051336
-6.35193831083736