9.236718723573826
9.31523293887751
9.393747154181195
9.472261369484881
9.550775584788566
9.62928980009225
9.707804015395935
9.78631823069962
9.864832446003305
9.94334666130699
10.021860876610674
10.100375091914358
10.178889307218045
10.257403522521729
10.335917737825413
10.414431953129098
10.492946168432784
10.571460383736468
10.649974599040153
10.728488814343837
10.807003029647522
10.885517244951208
10.964031460254892
11.042545675558577
11.121059890862261
11.199574106165947
11.278088321469632
11.356602536773316
11.435116752077
11.513630967380685
11.59214518268437
11.670659397988056
11.74917361329174
11.827687828595424
11.90620204389911
11.984716259202795
12.06323047450648
12.141744689810164
12.220258905113848
12.298773120417533
12.377287335721219
12.455801551024903
12.534315766328588
12.612829981632274
12.691344196935958
12.769858412239643
12.848372627543327
12.926886842847011
13.005401058150696
13.083915273454382
13.162429488758066
13.24094370406175
13.319457919365437
13.397972134669121
13.476486349972806
13.55500056527649
13.633514780580175
13.712028995883859
13.790543211187543
13.86905742649123
13.947571641794914
14.0260858570986
14.104600072402285
14.183114287705969
14.261628503009653
14.340142718313338
14.418656933617022
14.497171148920707
14.575685364224393
14.654199579528077
14.732713794831763
14.811228010135448
14.889742225439132
14.968256440742817
15.046770656046501
15.125284871350182
15.22005054908091
15.30401757587634
15.37564504249886
15.435175500488668
15.481861382531475
15.517490204518303
15.545451547781571
15.566643501569656
15.58152541431242
15.589359569637532
15.589473959903417
15.584697787054463
15.580865337711641
15.583912232886023
15.59717134163868
15.6233182281932
15.65830080679217
15.668110049710513
15.67198615601014
15.682487704820787
15.694032630356375
15.717946495925363
15.750565331922964
15.788972951761428
15.828800302358214
15.865067033641543
15.89818489264787
15.930109102026638
15.962437962279168
15.995816149080612
16.02966448352626
16.06144850648243
16.08959526409443
16.117264829635634
16.14509853324245
16.17070281120909
16.213273887718426
16.247967624692095
16.281272882598476
16.311829668951784
16.334758793081846
16.348999522537405
16.356402201928347
16.359752582655755
16.361881137990274
16.362326997559027
16.35989124322473
16.353950115165134
16.34315655512004
16.328928924294644
16.315197655391696
16.306976885568893
16.303078248377027
16.30596072197137
16.314669634327288
16.31149557784681
16.29884018797719
16.295489327497872
16.293033439594154
16.30070921578027
16.31749013280952
16.34094267933866
16.3663473963519
16.389902474275825
16.41166805760294
16.4330419797799
16.45564788863848
16.480146917109344
16.50592245194384
16.5288314179286
16.548739134241387
16.567312642134247
16.584830678343877
16.59955991590444
16.63624849451357
16.6652272212281
16.693700998824905
16.719322750313403
16.73936262208948
16.75389098597029
16.764965522430597
16.77527808027253
16.787470129603403
16.80024465738215
16.81161847339195
16.820439953801795
16.824796592731005
16.82507093482922
16.82403673953489
16.826543920177343
16.83004307027441
16.83641855513944
16.844685821043868
16.840897772923455
16.824411025184673
16.812411074274692
16.797923232046337
16.790339525026408
16.790496689363504
16.796589327106876
16.80411669191274
16.810238562322485
16.815551997315886
16.82118305855116
16.828684177559648
16.8389314275539
16.851420542478476
16.8617913106731
16.87106791240886
16.880666479304033
16.890735323333534
16.89981214668767
16.93157154602255
16.95833225605668
16.985541044670676
17.010052199400793
17.028647604087485
17.041405271145344
17.05022434483954
17.057582728368136
17.06616297394867
17.07490611249204
17.08201375276087
17.0865491325539
17.086591575785764
17.082377508541175
17.076554487831807
17.07387230593065
17.07179143636355
17.072317138492355
17.074654591940792
17.06570126747093
17.043682858131866
17.025147720386837
17.004280858719397
16.99094104509114
16.98634555326768
16.98816571160135
16.991746842821957
16.99426506800369
16.99636540447145
16.99927695277813
17.004690851849535
17.01360106104814
17.02532967730888
17.035231414249065
17.044128298834014
17.053337238310657
17.062924515729552
17.072570204817232
17.103448855085173
17.128298410514113
17.153080801714083
17.175384444531087
17.193046151516818
17.20632635685576
17.217299605769504
17.228159852603536
17.241344542356735
17.255472383758452
17.268650543821217
17.279867452045952
17.287112616006773
17.29043264693867
17.292239304599722
17.29691719976723
17.302071254541247
17.30963260710252
17.318662257575134
17.314992207679975
17.297911666764605
17.28571200617797
17.27220325751159
17.267663798033585
17.272591399780403
17.28362573914694
17.29682769344972
17.308660291592428
17.319020834589278
17.32910356621725
17.340833853940985
17.355603538436757
17.373020715443907
17.388720153050798
17.40335206312266
17.418329127208956
17.433801920704152
17.449509459992683
17.48648863056682
17.517449771420342
17.5481984273457
17.576379127911537
17.599786883233463
17.618831030134775
17.635613560910283
17.652355160934974
17.671506525676065
17.691678703769902
17.710951041165604
17.728301560361682
17.741704136818115
17.751184842835947
17.759138442332315
17.76990938213413
17.780966263564952
17.794313197057242
17.80900643554424
17.81146380783315
17.800383829370297
17.793295946504216
17.78400249823133
17.782784664943815
17.79006974967821
17.803636442558638
17.819239769384325
17.833938868352757
17.848121795068497
17.863047253268405
17.88055040022325
17.901828825869437
17.92618826869025
17.948998498549024
17.97113349538311
17.993863270105816
18.017154736063866
18.040359566017887
18.084816328612998
18.1226739435595
18.160239788603576
18.194189078593823
18.22192347143802
18.244031884711063
18.262596992625085
18.279838144609123
18.298515394723676
18.317786209904366
18.336013955023677
18.35242441433421
18.365243150865723
18.37471670873444
18.383331043548218
18.395466207726724
18.40866134081902
18.424875052021893
18.44310092004094
18.450101980112127
18.444065484321996
18.442302300452237
18.438205130334005
18.441527585263593
18.453454079719627
18.47242891498699
18.493534626939997
18.513501705927602
18.533104490917744
18.553744038395003
18.577104237496634
18.60408550803655
18.63388617925095
18.661752496658057
18.6884860644565
18.71535080822371
18.742315009643214
18.768591872787532
18.81538939264959
18.85592017828728
18.896523882494147
18.933785483816497
18.964945536325974
18.990500220682975
19.012594523399542
19.03346008146054
19.055882159729492
19.079036419214784
19.1012765194045
19.12183778798736
19.138981158038025
19.152990990540605
19.166334510697613
19.183305053654067
19.201440143380754
19.22251926656868
19.245455947016747
19.25711084957827
19.256663775848626
19.26023692675398
19.260038241976694
19.26598745006569
19.27951086552942
19.298645251689898
19.31978317257508
19.339549412565834
19.3591831006329
19.380572148266857
19.40539037086871
19.434420502657904
19.466690423156862
19.497314359325806
19.526788973626047
19.55665092953346
19.586854107831098
19.616420209106025
19.666481431703872
19.71049259953834
19.755009697933378
19.796360244720923
19.831564124748752
19.861119728035614
19.88721431400344
19.912046816377032
19.93835603292441
19.96530651945208
19.991218205499408
20.015319972403596
20.03582089693351
20.052985731945135
20.0692978205867
20.089111180527723
20.10986348178217
20.13338795555346
20.15863384845021
20.17236365884681
20.173303816314224
20.177965434916164
20.18001870081218
20.189074841577884
20.2065534284455
20.23006246927197
20.25500432596259
20.278672336939504
20.301728887167034
20.325382198134935
20.351309745552992
20.380559318383437
20.412628818266008
20.44300409558551
20.472650509111247
20.502910856697927
20.533799437562948
20.564346442962385
20.61571853534295
20.6613644874771
20.707538129414367
20.75065084940115
20.787554527478903
20.818806979549308
20.846606318333375
20.873101994584587
20.90103520192114
20.929560399134743
20.956965019839007
20.982450306410414
21.004210268349343
21.022495812298317
21.03978040054323
21.060477561261695
21.08205633205189
21.106177353353516
21.131789213993535
21.14553070933356
21.146364737555892
21.151285178546164
21.15232412112065
21.15936189156161
21.173990218230944
21.19458695134992
21.216354345765243
21.236732951133074
21.256363797074133
21.276502317177616
21.29886464713835
21.32458732428374
21.35332984810089
21.380544203671736
21.407439674164365
21.435388336614075
21.464403323950403
21.493484111220138
21.54383095326046
21.58875206289834
21.634148447968705
21.676561534480623
21.71268818027742
21.74322534810808
21.77042113792419
21.79638357101671
21.823803266234222
21.851787191873658
21.87857851634764
21.903369590335938
21.92435545071117
21.94176718255284
21.958062311950908
21.97766434278914
21.998070426979805
22.020916630226342
22.045201197310558
22.057540087315644
22.056381324315364
22.059144813908972
22.05908631779573
22.065987828046254
22.080405854025035
22.10033128789117
22.121782352931824
22.142019229871384
22.16150268460936
22.1814147048613
22.203485287498513
22.22890626987999
22.25726083468548
22.28410786198809
22.3104179683928
22.33760053088203
22.365623754353436
22.39351234249778
22.442443729425488
22.485626171317552
22.528814701958765
22.568822256130773
22.602361477854654
22.63039749901306
22.655191366004356
22.678875957949533
22.70408703699391
22.729933884307442
22.754627194170805
22.777390827163263
22.79646454551897
22.812125117344465
22.826896395103795
22.845106714791868
22.86426852972653
22.886115709804375
22.909539058204608
22.9206241646336
22.919565506916214
22.923761473927485
22.924591602226545
22.932073554120507
22.94738634185098
22.968259374294927
22.990467373396175
23.01086034516773
23.02946763712814
23.04756800224483
23.067077848364633
23.089483069689123
23.11477003890237
23.15618600214161
23.19760196538086
23.239017928620104
23.28043389185935
23.321849855098595
23.36326581833784
23.404681781577086
23.44609774481633
23.48751370805558
23.528929671294826
23.57034563453407
23.611761597773317
23.653177561012562
23.694593524251808
23.736009487491053
23.7774254507303
23.818841413969544
23.860257377208793
23.90167334044804
23.943089303687284
23.98450526692653
24.025921230165775
24.06733719340502
24.10875315664427
24.150169119883515
24.19158508312276
24.233001046362006
24.27441700960125
24.315832972840496
24.357248936079742
24.398664899318987
24.440080862558233
24.48149682579748
24.522912789036724
24.564328752275973
24.60574471551522
24.647160678754464
24.68857664199371
24.729992605232955
24.771408568472204
24.81282453171145
24.854240494950695
24.89565645818994
24.937072421429185
24.97848838466843
25.019904347907676
25.061320311146922
25.102736274386167
25.144152237625413
25.185568200864658
25.226984164103907
25.268400127343153
25.309816090582398
25.351232053821644
25.39264801706089
25.434063980300138
25.475479943539383
25.51689590677863
25.558311870017874
25.59972783325712
25.641143796496365
25.68255975973561
25.723975722974856
25.7653916862141
25.806807649453347
25.848223612692593
25.88963957593184
25.931055539171087
25.972471502410333
26.013887465649578
26.055303428888823
26.096719392128072
26.138135355367318
26.179551318606563
26.22096728184581
