13.860219189703146
13.627205193757822
13.394191197812498
13.161177201867172
12.928163205921848
12.695149209976524
12.4621352140312
12.229121218085876
11.99610722214055
11.763093226195226
11.530079230249902
11.297065234304577
11.064051238359252
10.831037242413927
10.598023246468603
10.36500925052328
10.131995254577955
9.898981258632631
9.665967262687307
9.43295326674198
9.199939270796657
8.96692527485133
8.733911278906007
8.500897282960683
8.267883287015358
8.034869291070034
7.801855295124709
7.568841299179385
7.335827303234061
7.102813307288736
6.869799311343412
6.636785315398087
6.403771319452763
6.170757323507439
5.937743327562114
5.7047293316167895
5.471715335671465
5.2387013397261395
5.005687343780815
4.772673347835491
4.539659351890167
4.306645355944843
4.073631359999517
3.840617364054193
3.607603368108869
3.3745893721635447
3.1415753762182206
2.9085613802728947
2.6755473843275706
2.4425333883822464
2.2095193924369223
1.9765053964915982
1.7434914005462723
1.5104774046009481
1.277463408655624
1.0444494127103
0.8114354167649758
0.5784214208196499
0.34540742487432574
0.11239342892900162
-0.12062056701632251
-0.35363456296164664
-0.5866485589069725
-0.8196625548522967
-1.0526765507976208
-1.285690546742945
-1.518704542688269
-1.751718538633595
-1.984732534578919
-2.217746530524243
-2.4507605264695673
-2.6837745224148915
-2.9167885183602156
-3.1498025143055397
-3.3828165102508674
-3.6158305061961946
-3.802725717728017
-3.984230848065035
-4.170248658868236
-4.360185064912176
-4.554245908436172
-4.749589961840432
-4.937054652190566
-5.108729365889857
-5.273275728472714
-5.439089475347884
-5.601243246329331
-5.760751588597781
-5.911163164002387
-6.049062862902583
-6.173171668232054
-6.286012144114761
-6.400808167585786
-6.527029615795582
-6.655145255040482
-6.7845536498659325
-6.913153918198511
-7.04069257192864
-7.172839452499328
-7.335650218293195
-7.531570105918906
-7.754219100695041
-7.996603277518689
-8.25373507250741
-8.525632544583113
-8.81205329503997
-9.114675922037534
-9.429677487973422
-9.7501104514333
-10.066212308255052
-10.382143204550442
-10.66898831173061
-10.943232310113139
-11.202039158861437
-11.447913588589715
-11.680936258715448
-11.896560149387776
-12.07952267189976
-12.238406674892982
-12.386503174226442
-12.528401087049714
-12.666187227025105
-12.789443301997308
-12.892711263251114
-12.973917994497397
-13.033681007919068
-13.07883828719549
-13.113219950325156
-13.150571136242581
-13.190259467540054
-13.224846995690699
-13.243353040376492
-13.252783162746564
-13.2828526041008
-13.344514426739085
-13.43785363610317
-13.560207807153438
-13.707496825728342
-13.873366787545237
-14.057682829803358
-14.263275709401306
-14.4883952840443
-14.725148895032737
-14.965031615560507
-15.211432111432199
-15.454853749138783
-15.679091359878715
-15.88750078272739
-16.07993902690196
-16.259099546182856
-16.421343706374188
-16.550086218441766
-16.649038199214637
-16.728022145124676
-16.79177202548228
-16.848498111220856
-16.898777568967144
-16.933820651974003
-16.94659121184755
-16.937748524363975
-16.91095283832744
-16.872114357442637
-16.821361905443755
-16.7591183333481
-16.702389707818494
-16.646933120659924
-16.582441442882338
-16.512642327242848
-16.453378394150057
-16.41814666655948
-16.40786467678782
-16.42117264062526
-16.45708888791127
-16.511450408260323
-16.58252070703753
-16.671937685564853
-16.777388791954873
-16.89353861765927
-17.01717560192577
-17.148481933868123
-17.277019594616466
-17.386678324650934
-17.47930523843696
-17.558237233644494
-17.62288748491721
-17.66057637461259
-17.671867491736478
-17.657810668949637
-17.619576612584236
-17.5639402537043
-17.50263093281164
-17.431639783719294
-17.33692254030945
-17.21650264528645
-17.077530268195602
-16.927823668410156
-16.767845801673833
-16.596347073707708
-16.41520634335728
-16.23861946143625
-16.06695125450336
-15.895734595053447
-15.739912903316556
-15.596023480731862
-15.467756943208666
-15.359612792308594
-15.275502874992382
-15.218509241460854
-15.184648385667138
-15.1688464249171
-15.166529094101241
-15.175561664569928
-15.193657093531032
-15.225628740365613
-15.268329093937847
-15.30183248480152
-15.318216472603725
-15.318304033193884
-15.307533422907595
-15.282336757374468
-15.232260071666202
-15.160644529951618
-15.066931396807536
-14.95348690198945
-14.827780553271001
-14.69897903262738
-14.561577483987941
-14.40806918893753
-14.23673252548301
-14.048398254163716
-13.849706787340642
-13.643656368267122
-13.42861101908867
-13.213118334446808
-13.005556587067757
-12.803106340703438
-12.60289535785989
-12.424905743721999
-12.265076947294533
-12.125466961793343
-12.010555607326873
-11.924081775074614
-11.865579586507868
-11.83033136878371
-11.813662145221885
-11.81134445559183
-11.819577279942049
-11.836035128270844
-11.865114968037284
-11.90304809223015
-11.928255156551478
-11.937152815195882
-11.930740205409256
-11.911622127070276
-11.879710369302927
-11.835932180640484
-11.769122919009243
-11.67952736383541
-11.571175014294766
-11.453803403211044
-11.33547466797611
-11.21514999056461
-11.087824572629366
-10.946627466777713
-10.792286821499744
-10.626115112508332
-10.455614172520585
-10.277810814188484
-10.104728552368103
-9.937526506787629
-9.767213395639773
-9.59490104949694
-9.420538605657358
-9.270017730287568
-9.150169631760273
-9.060287930462032
-8.998414809496706
-8.959052953361137
-8.941752975101572
-8.945170545916456
-8.969911362986936
-9.015191234269532
-9.073995146017051
-9.137020989095411
-9.18244008729636
-9.212144433601773
-9.229816914625582
-9.238075815908054
-9.23492886884134
-9.219494752896882
-9.189834568405667
-9.145485864176601
-9.08882066569478
-9.023411918166907
-8.944908193962183
-8.852525490064465
-8.74897239091478
-8.6354048139019
-8.51590072132925
-8.393945908993947
-8.264974246540614
-8.127259040343603
-7.996405778749994
-7.872339977798575
-7.755810213102715
-7.640836172179332
-7.522330659510452
-7.4050258098287856
-7.291924607816978
-7.187484855110557
-7.100032207660978
-7.039844047464106
-7.008142123729152
-6.9980450149150375
-7.007113661833103
-7.037570096566022
-7.090946001918012
-7.16552136381394
-7.249035120697521
-7.323781528600384
-7.379273289915524
-7.417718724643883
-7.4482572718580675
-7.474642853103423
-7.495074250380303
-7.51065553623828
-7.520752458130483
-7.525484872808473
-7.526314394954949
-7.525833449092682
-7.5191014788460295
-7.498468266586558
-7.4606292513881876
-7.413026839436445
-7.355034810451005
-7.291316250888861
-7.235430024601462
-7.189432043681489
-7.147172295729302
-7.104218944615634
-7.060783707912969
-7.019397807102294
-6.989968857109221
-6.973352511494179
-6.966510250616116
-6.968307728735578
-6.972845431948209
-6.978939117565015
-6.99565439490743
-7.035279572574457
-7.103663858712938
-7.194090180109564
-7.298951118497859
-7.399207150629123
-7.499418038555845
-7.598129986676982
-7.6969747429427535
-7.793430256201528
-7.8783362995875725
-7.946814710629515
-8.008109553822504
-8.069308547651936
-8.134023984038683
-8.204493134263773
-8.271742509346316
-8.331526479583912
-8.37945891607829
-8.419475516735568
-8.450002549754807
-8.462010602502522
-8.460405979652208
-8.463162576196646
-8.467034128856172
-8.47180652750103
-8.47744100843375
-8.481185619024842
-8.477611795320893
-8.472948265178765
-8.47489519473584
-8.488256763939448
-8.513262833124102
-8.541055965785043
-8.563455874781434
-8.588064170844877
-8.614033251957238
-8.644011367223046
-8.689619708322816
-8.760329057301014
-8.825199929155529
-8.884977346363678
-8.942411295950548
-8.99904956926444
-9.056699271050775
-9.111935237167403
-9.163908053612314
-9.210358873625637
-9.249617254684377
-9.285745990417896
-9.328715521611631
-9.3734198449798
-9.418499334118005
-9.460683853288353
-9.499791766776632
-9.535288683616796
-9.565901896734342
-9.593314651078568
-9.61720385194453
-9.637350313213409
-9.656830029196088
-9.677365291452835
-9.692910981096276
-9.705332327261765
-9.714055767620602
-9.723848407832481
-9.736161686157287
-9.750877956137035
-9.767161624653257
-9.783677389283921
-9.805592484139687
-9.831184983727177
-9.851778050824656
-9.874323833554376
-9.897874953973842
-9.921302827584167
-9.93729395262462
-9.958046199147633
-9.977289347916818
-9.997169934982733
-10.017946411553355
-10.03719739226887
-10.05891030095069
-10.08172808622487
-10.105929527405964
-10.133778708574534
-10.163641570553274
-10.19069374518246
-10.217863184528635
-10.246126609917185
-10.272861197032778
-10.299007718856382
-10.325940232227115
-10.353107262236742
-10.37675532915534
-10.398182984152891
-10.419573186938353
-10.446236453403712
-10.46770783207727
-10.488685754282697
-10.506998222177083
-10.522043222174457
-10.532920827029473
-10.546863874352345
-10.564477147330836
-10.580352522698513
-10.593588303450414
-10.602629351016073
-10.615475211419065
-10.632037968890076
-10.645810527504505
-10.661000218415829
-10.675488902630534
-10.683580250130598
-10.676147763871755
-10.660530444247488
-10.651750795025103
-10.646435915681957
-10.639390446749346
-10.630262345496872
-10.620907527113921
-10.613071941714676
-10.606114457912904
-10.604943990630549
-10.609450989836786
-10.609428625003934
-10.605206783536241
-10.60115868330005
-10.598558137611475
-10.597276643593412
-10.599265448067529
-10.605128281874856
-10.610659396533585
-10.614844185132494
-10.622853761242233
-10.635218070196691
-10.638324771833434
-10.639813140772358
-10.639001652806337
-10.634923659513971
-10.625632488506517
-10.617720107750994
-10.612151083315077
-10.603968398037217
-10.59174130310375
-10.574829355400098
-10.561089808035048
-10.5515137117422
-10.53930684761163
-10.528335174037512
-10.516862121642951
-10.497130351799438
-10.457307858810589
-10.407582880258808
-10.362176285661654
-10.318574033582875
-10.272729350258656
-10.221951194455233
-10.16957511612859
-10.119736849816944
-10.07381543810774
-10.037874080173538
-10.012770185837612
-9.985174323083223
-9.950751356991393
-9.917038630018668
-9.885548063021682
-9.85763336968004
-9.83648508825532
-9.82337362697966
-9.813700483349635
-9.80684257807398
-9.813191186645271
-9.828386049729467
-9.841831375209928
-9.853735239071272
-9.868409604941691
-9.892408659671847
-9.916407714401998
-9.940406769132151
-9.964405823862302
-9.988404878592455
-10.012403933322606
-10.036402988052757
-10.06040204278291
-10.084401097513062
-10.108400152243213
-10.132399206973364
-10.156398261703517
-10.180397316433668
-10.20439637116382
-10.228395425893972
-10.252394480624123
-10.276393535354275
-10.300392590084428
-10.324391644814579
-10.34839069954473
-10.372389754274883
-10.396388809005034
-10.420387863735186
-10.444386918465337
-10.468385973195488
-10.492385027925641
-10.516384082655794
-10.540383137385945
-10.564382192116096
-10.588381246846248
-10.6123803015764
-10.636379356306552
-10.660378411036703
-10.684377465766854
-10.708376520497007
-10.73237557522716
-10.75637462995731
-10.780373684687461
-10.804372739417614
-10.828371794147765
-10.852370848877918
-10.876369903608069
-10.90036895833822
-10.924368013068372
-10.948367067798525
-10.972366122528676
-10.996365177258827
-11.02036423198898
-11.04436328671913
-11.068362341449284
-11.092361396179435
-11.116360450909585
-11.140359505639738
-11.164358560369891
-11.188357615100042
-11.212356669830193
-11.236355724560346
-11.260354779290497
-11.28435383402065
-11.3083528887508
-11.332351943480951
-11.356350998211104
-11.380350052941257
-11.404349107671408
-11.428348162401559
-11.452347217131711
-11.476346271861862
-11.500345326592015
-11.524344381322166
-11.548343436052317
-11.57234249078247
-11.596341545512622
-11.620340600242773
-11.644339654972924
-11.668338709703077
