0.821981724144934
0.653460931525762
1.16662632488294
1.98717541899512
3.0077840754642
4.08545572296366
4.87421112183284
5.24445421084264
5.15221108178685
4.91284144945335
4.73663354173257
4.65146228914058
4.67867528538943
4.37557107186322
3.51408842285136
2.50427261228221
5.20125563173441
9.10279737111561
11.4613199721006
13.7207592238523
15.7831308522302
16.7879160652427
17.8725055536341
18.9159735780215
20.0507586413171
21.2977513297526
22.6078112838557
23.7049272938055
24.3869632306449
24.8012013447797
25.0332356855563
25.7898335551776
26.9701797069285
27.8220146984901
28.5245051775516
29.2973751941097
26.2783503360575
23.9167938424144
21.858772277069
21.0252512276047
20.8106586407144
20.1869869964035
19.3086560751706
18.340375060486
17.1344732819708
15.892067682855
14.6788982230014
13.6898297741718
13.1650450254312
12.9467424731195
12.9825259438966
13.0300322132883
12.8469872105982
12.5672913958691
14.0005575802955
17.3640189907165
19.2469235756098
21.5480074443072
23.5474186939914
24.0905705663019
24.7397490545271
25.2986335934621
25.8693820615226
26.5071065089105
27.1960796260421
27.5854015932122
27.6670401678153
27.5870003492712
27.5948953803091
28.2321138261769
29.1863107172717
29.9236159683046
30.4268411539309
30.2911124379596
26.9030413130044
24.8110973214158
22.1663047134105
20.2042456419458
19.3172193190209
18.0197701634614
16.5684631343284
15.161805276159
13.6941158010158
12.2769326679126
10.9974849362912
10.0345230944936
9.64390105950196
9.59862593312705
9.82861318265842
10.0425535204104
10.0326227757733
9.92987411443309
11.9757918634567
16.021652705122
17.9090601193198
20.1044683018242
21.905141251253
22.3334568289709
22.951296674385
23.4959098862275
24.077619759783
24.7635691057382
25.5096327353705
25.9555892878292
26.0886837893778
26.0494559900238
26.0858463560161
26.6801746883502
27.6479503411539
28.3849174094589
28.8803283973531
28.7411443484666
25.3493576657718
23.2692353008565
20.6453195899428
18.7179861220433
17.8705615095437
16.6037887626856
15.1839384568462
13.8020337169068
12.3522721649319
10.9443953453109
9.66428952174698
8.69478906737609
8.29345475530089
8.23559800761467
8.45023686869063
8.64797642887286
8.6357586932973
8.50650598906764
10.5227461392848
14.5578405103189
16.4386774161243
18.6955326332318
20.4999371244151
20.9511546777043
21.5861476505547
22.1461220960586
22.7455538396518
23.4463423887232
24.2000986946947
24.6487934731264
24.778713787337
24.7290183219928
24.7494148178839
25.3238842100775
26.2673936519178
26.9751824905522
27.4441974539104
27.3023649394105
23.8544902746362
21.8379724292109
19.2413179257679
17.3481759000648
16.5429587750963
15.3142481610399
13.9310011578811
12.5756523524248
11.1432875657699
9.74231113518298
8.45408850496741
7.46646072081777
7.04083690026436
6.959250408233
7.14156865356096
7.30848942671894
7.28537456152934
7.11120948252162
9.07576049059769
13.0904075115287
14.9756394167572
17.1914522761855
18.9526299541323
19.3625960285241
19.9504283752578
20.4784765043164
21.052214265687
21.7431732011582
22.4923669736269
22.9407447374286
23.0758582466416
23.0386270903728
23.0759608412331
23.6783387874275
24.6357789057269
25.3645340817032
25.8525297918288
25.7301702342872
22.2877679916603
20.2630140775407
17.650533927499
15.7314106498001
14.8897776695772
13.6274486271612
12.214487272763
10.8366020168301
9.39115618720397
7.98960076456062
6.7132786848307
5.74400747089998
5.34189052788501
5.28395364311185
5.49173790442488
5.68351099603154
5.66696071264084
5.52879375405139
7.53394537903238
11.5571013036131
13.4517731289617
15.6571900475255
17.4242057242377
17.8297420952805
18.4175456521068
18.9392616394937
19.5043317046919
20.1890128418214
20.9342840727031
21.3783930849187
21.5117340391318
21.4727476677632
21.5120140002252
22.1099019272138
23.0765673717283
23.8105257063408
24.3028599728333
24.1598410977243
20.762006166246
18.6766380899047
16.038128567288
14.0928246084263
13.2238277991799
11.9376510085077
10.5023331722234
9.10695424060118
7.65051658995479
6.24421577249248
4.97327753784766
4.01626656277979
3.63111923345091
3.58949568655562
3.8185939758466
4.03022594345252
4.02729906885482
3.91735853343736
5.95821814062939
9.98862814365474
11.8885363867437
14.1140530268358
15.913730422461
16.3561019916857
16.9732864781145
17.5161532457065
18.0994513815591
18.7917701866532
19.5390602664849
19.9802436365598
20.1065286161146
20.0544857689867
20.0776417059926
20.6385135484857
21.5806678449584
22.302903492477
22.7940341765909
22.6376431401393
19.2396973338039
17.1570029201938
14.5230439087766
12.6035934811132
11.7707179674581
10.5211703340597
9.12066907452844
7.75289194566209
6.31335743648462
4.91296021502667
3.63536819597784
2.66511789100324
2.26127664398965
2.19985982366297
2.40652452614941
2.59675638572868
2.58016239674322
2.44079012934805
4.44511346488096
8.46155999195428
10.3698794812344
12.5798124868739
14.3746266541861
14.8100839550082
15.4200204277507
15.9564767188586
16.5342553604574
17.2242370805172
17.9703465861261
18.4112761500228
18.538908518702
18.4904604643805
18.5184461650367
19.1074875108089
20.0590247913603
20.7770735591265
21.2560029047083
21.0998859746661
17.696221658004
15.6084850238887
12.965085931493
11.0148393885948
10.1417609442156
8.85211708099339
7.41461233821794
6.01700996897809
4.55950100530277
3.15476325619607
1.88712993915414
0.933860033449736
0.55327191072738
0.516116592631669
0.748269550278941
0.962585003712358
0.961677247227854
0.854794598827194
2.90543100538464
6.93129236515786
8.83825461822053
11.0593952284364
12.8568216409077
13.3059007717222
13.9251010517511
14.4675156107631
15.0503088213045
15.7430159939103
16.4884934136504
16.9249849946772
17.0458494071169
16.9858799367143
17.0024375725737
17.5551365635883
18.4900510820591
19.2059366552741
19.6891649389298
19.5177495843372
16.1132152076624
14.0273758337732
11.3872621661256
9.44320853878458
8.57406063701083
7.28952249295158
5.85744984943914
4.4618381491231
3.0040084150907
1.59780001393868
0.325568920222953
-0.63535102586366
-1.02524914820528
-1.07048100470459
-0.849653669163384
-0.642824924312489
-0.652420312330429
-0.7664860807797
1.25998327886667
5.27685827608508
7.18515733535351
9.39096555958074
11.1860846348209
11.6207355271749
12.2207733032247
12.7497647667342
13.3204885640478
14.0072617826926
14.7476449039526
15.1802880014779
15.3007765842653
15.24339576192
15.2652094287153
15.8522391682062
16.7957708117742
17.5062857898098
17.9783913927379
17.8000115353384
14.3863044505773
12.2909350298052
9.65329550303449
7.73187819482103
6.88944116888958
5.63442577091764
4.23151376267137
2.85963795124388
1.4172559179014
0.0157191446821047
-1.26255670323116
-2.23373061106232
-2.63789510907227
-2.70053246644649
-2.49845886796866
-2.31103103382267
-2.33207749826204
-2.47357364144976
-0.463129989733059
3.54185128045162
5.4403704565403
7.87592616774638
9.75784092764907
10.3029496183091
10.9398368978198
11.5276025389991
12.1740929094186
12.9049916980536
13.6510154591928
14.0661019285224
14.1401411824677
14.0082720667654
13.9327171653569
14.4323239289458
15.2655976343444
15.8701903890447
16.2476272951149
16.0401867069962
12.5831861521512
10.517291181581
7.88655523905466
5.96832147398917
5.13753145307357
3.89307057478729
2.49786754292257
1.13276396815561
-0.30758528725659
-1.70967770395865
-2.99372026876085
-3.97276057796475
-4.38381917727451
-4.45286369870327
-4.25974655619033
-4.0821404195366
-4.10819815880679
-4.26388236273927
-2.246868145421
1.75463134151828
3.64219240024403
5.89347682996336
7.67961669059446
8.14813853725838
8.76336067967512
9.30924487697496
9.90265132610526
10.606840502573
11.3565116178002
11.7918211723325
11.9071302641068
11.8362617232208
11.8387379937375
12.3780475216998
13.2924820926368
13.984741299844
14.4479627489285
14.26983713139
10.8651029694286
8.769839103782
6.14078661541198
4.21259059161512
3.34642297497144
2.06868406766305
0.648789592165331
-0.737140409663649
-2.18736135911691
-3.58980934106831
-4.86148606921985
-5.82271411057444
-6.21337948805136
-6.26200728128048
-6.04625115354136
-5.84459826565758
-5.85842205285365
-5.97930701393204
-3.9472818086506
0.0619229862935826
1.96556100959066
4.21953045670415
6.03350213520583
6.53946233185357
7.18158940479844
7.75222544404816
8.36703879583721
9.08057798391812
9.83106180688028
10.2618584610008
10.3686874789599
10.2827147427257
10.2683425374911
10.7910623732641
11.6854482984842
12.356247238435
12.8000412363436
12.5873462665852
9.17206939857808
7.07501675863023
4.45358030821104
2.53238405441251
1.66808913424365
0.395451772441383
-1.01999924161774
-2.40572694331423
-3.85945685558655
-5.26807755643326
-6.55066841839333
-7.52513691804555
-7.93046243100882
-7.99264923818966
-7.79420205523182
-7.60600935777314
-7.62371457093925
-7.76216850174643
-5.75015704566006
-1.75057515157934
0.143898416645062
2.38914234435666
4.18967318208315
4.68190377302963
5.30810413438024
5.86878889310834
6.47640918836047
7.18746987604522
7.93609273149554
8.36524474513567
8.47247208085129
8.38838359403323
8.37742617909669
8.92708121391827
9.82963746629228
10.4940629896881
10.9241069951205
10.7076635078611
7.2891612822363
5.18963898827059
2.5725046215645
0.657920620352173
-0.200435707168911
-1.46716295837281
-2.87750232935797
-4.26018982300919
-5.71282271702291
-7.12256664809992
-8.40848936999587
-9.38725765011336
-9.79755022828384
-9.86545112955607
-9.67344983239078
-9.4920799995284
-9.50716685036299
-9.65623649274996
-7.64228981877437
-3.64608251112398
-1.7595811634081
0.480678145287228
2.27385029032463
2.77098434499297
3.40363973038658
3.97002374170328
4.58403400625277
5.29903686371165
6.04976844349168
6.4794853549127
6.58576445329112
6.49956409644499
6.48633445405894
7.03000538947805
7.93038484388135
8.59190731156585
9.01892577269519
8.80118937749548
5.3864933107356
3.29341516870569
0.698136957406584
-1.19616528202652
-2.03504615590506
-3.28357967229456
-4.67622776835707
-6.04670940047368
-7.49183552011551
-8.90078039511857
-10.1927861520763
-11.1799340935225
-11.6013955181714
-11.6818163761815
-11.5040229940489
-11.3363615134197
-11.3592404936366
-11.52648449854
-9.52938063031133
-5.5401163297499
-3.66045836585858
-1.45224634514264
0.341902164198996
0.844407492037021
1.48189421538124
2.05613874759142
2.67895097407043
3.40023604137572
4.15564230828475
4.58859504512138
4.69855832004826
4.6160069358669