2.18017889261069
0.2183392768936
0.51837911943623
-0.0362147970746074
-0.110602109452635
-0.122838460447355
-0.024582513422661
0.469672600058368
1.61026989926353
3.18549690710478
4.17003934309328
4.51504690993669
4.53420184703957
4.68353930723538
5.23539613219853
6.23122483814528
9.36922020367791
11.8319322797816
12.1695113812514
12.6093494826196
13.4585805105849
14.1266662021688
14.6112126899242
14.8810662242027
15.0293114688653
14.8953052976506
14.6121389726586
14.1087978318779
13.8432951355622
14.3717788023454
14.830656675588
15.0807392864666
15.1269131123772
14.5461505108003
13.13154056097
10.4567331654428
7.57812147819204
4.85591214491295
2.58288632660231
0.219003101315256
-2.20706925078042
-5.16855524443526
-7.70753322064259
-8.97127220800672
-8.7707386023366
-8.06006854033436
-7.60023137140981
-8.23040215501656
-8.79421350242479
-8.96278911533642
-8.59285302024668
-7.81532564307866
-6.60043317073064
-3.20564689738748
-1.0133241374591
-0.0689179505492029
0.7343061805287
1.30563579479129
1.98513402611092
2.94553892165106
4.25083015762845
5.71732746916291
6.98198340213951
7.78359572127724
8.3929364302677
8.96859875870982
10.3967084296958
11.4633766245713
12.2476370844169
12.7957933417361
13.0711388022164
13.104260930546
12.3605885307484
10.0888891675497
7.03333889404104
4.75134175086497
2.80580934198421
0.753586946592192
-1.19549781068919
-3.36911984406529
-5.24110929386848
-6.34560849164796
-6.55894089087005
-6.25506381298183
-6.03466682163408
-6.30313489032665
-7.14793237596675
-7.99948788146026
-8.37711507022164
-8.57746716704476
-8.61325546997394
-7.10273173525477
-4.84029717497612
-3.82513576525688
-3.937223761299
-3.61249941131269
-3.18044047347468
-2.15368139092923
-0.470242953893386
1.2274348269458
2.73264134874268
3.85754575422805
4.76841715110045
5.97132829740269
7.67018833809621
8.89679644180921
9.88512812449929
10.5791108555685
11.0067476021984
11.0880254520983
9.47042453491479
6.96958235805607
4.75471061987594
3.20485031106418
1.24755390873956
-0.750779849183874
-2.54662620568318
-4.69715856885162
-6.48950195057333
-7.60303790661298
-7.72996701494852
-7.65138371948442
-7.76214087960059
-8.37453697353808
-9.4428999401094
-10.3377337603903
-10.8152781047132
-11.2161439309088
-11.5159704990358
-10.5380668213071
-8.32172742004544
-7.36758728175591
-7.55774665388152
-7.268805363208
-6.86394301679007
-5.79898242200979
-3.99326564775624
-2.11772392442894
-0.337296060975009
1.00081811901517
2.06071463809078
3.2412382265257
5.0975034241319
6.39098797990129
7.47527950690323
8.18450485458912
8.59359424951295
8.6373285147568
6.67695723756835
4.12584592244616
1.87269797922125
0.166477602306069
-1.79459996067848
-3.72293890351707
-5.39225667780333
-7.34591859309949
-8.74058025580242
-9.4268919745905
-9.23514995900284
-8.90512207194516
-8.9632758111852
-9.58655984062109
-10.7023504531028
-11.5109059338129
-11.8921644036808
-12.2282789174362
-12.5051715616696
-10.5356791899397
-9.02871714829553
-8.40094086145201
-8.26322916706209
-7.74262785529332
-7.06142329258144
-5.7403650862271
-3.76816523595904
-1.8206693558143
-0.0961821482505544
1.19306432693044
2.26530706506839
3.47940955722225
5.20455015497194
6.40651070732396
7.40497199762798
8.02855181195617
8.3845097244426
8.2302445166978
6.32730772926077
3.3966137212456
1.08350097531915
-0.582919679519367
-2.54103319022247
-4.25506040153167
-5.87858320894817
-7.68223215037359
-8.8446413030994
-9.33589633979339
-9.11158624558919
-8.7544547178062
-8.89850959558719
-9.69176536575295
-10.7794628300353
-11.455600426022
-11.9716667435093
-12.3659337410035
-12.3041946457063
-9.9312141885891
-8.01993211799102
-7.74696913098316
-7.90142569117725
-7.40386931721926
-6.41324470547885
-4.69232281766141
-2.70809594056208
-0.832436742596143
0.598836666889967
1.68167750677703
2.82957038096387
4.33193522278557
5.80902798109216
7.02083283768617
7.88039075092086
8.35602861940643
8.48058503755516
6.52180737137086
4.00623986261273
1.73101909111922
0.0138611191537072
-1.5782286719411
-3.83250331275433
-5.69451493088323
-7.51970423872931
-8.97374728118952
-9.73142185266411
-9.55392499725517
-9.0952142430834
-9.01887414188715
-9.53782588999836
-10.5975978780561
-11.4035834925328
-11.8695814119813
-12.2731713900241
-12.6058125815201
-10.7060180974305
-9.20977068386646
-8.58138020386686
-8.48320700733612
-7.96370643756314
-7.29184773415411
-6.03806453886397
-4.09948525494255
-2.12006172901011
-0.297133453206465
1.05561018820984
2.15878427422219
3.38233150598627
5.04813744221734
6.29865978997948
7.35937349122183
8.02429674735148
8.40335732356752
8.33718780365889
6.43961647479457
3.66323387980072
1.25689159943449
-0.351961081205874
-1.90539374879056
-4.05534685980222
-5.72275055514216
-7.5479263955595
-8.75559621357795
-9.34573002233577
-9.09226889207003
-8.64846218366465
-8.67239706182648
-9.30002882132865
-10.4064090579317
-11.1279316397646
-11.6501707079915
-12.1038908804142
-12.2986759844996
-10.301869433433
-8.17255440327913
-7.79334833697341
-7.73194645364864
-7.13813271807962
-6.13051211488161
-4.3747473599941
-2.32363865923861
-0.420240778696349
1.06021418598845
2.205296549077
3.25705643528792
4.48214982078684
5.9863563315419
7.14839839038349
7.94560096037964
8.31125524023051
8.31769305227784
6.22629402205003
3.62307981888812
1.3498519046595
-0.467606729367439
-2.07076857872755
-3.92295239510508
-6.25539584465938
-8.06285075715087
-9.45611095834156
-10.0520219526005
-9.7763623741821
-9.18365316859697
-9.01496805794967
-9.45675110955078
-10.4309210280352
-11.0837038694136
-11.4542929795086
-11.7630200505443
-12.0117546939332
-9.98387748819979
-8.50604934779076
-7.94541198597292
-7.83433817636769
-7.34245818936769
-6.65961928043255
-5.30753187898945
-3.35808959015869
-1.47220205938887
0.182651512766206
1.4572173786856
2.51548469768718
3.69850681117939
5.26107556294675
6.49233172824065
7.52290059690134
8.10676642724404
8.40715514511333
7.84786582785261
5.71694498370928
2.65788917855169
0.400778158878671
-1.16885883963432
-2.75112924872418
-4.57882602718306
-6.78856042281574
-8.40626126303962
-9.46989978358542
-9.8332387727232
-9.42357081531621
-8.93166066795885
-8.96996646091486
-9.73733235109989
-10.7386483705018
-11.303794062776
-11.7949247036726
-12.2213892447284
-11.4682486067798
-9.16452079825263
-8.42909418197926
-8.64459148165104
-8.36629111744405
-7.79432501220078
-6.62905193317614
-4.80377285380059
-2.86379092765909
-0.924633784764378
0.596578191636337
1.75913106097553
2.97583997921302
4.52508608379942
5.88112595411414
7.05768574762901
7.77486232520787
8.14558165494728
7.70335084805966
5.44482076110244
2.50436782400429
0.273408231742653
-1.38951516523369
-2.99213234499275
-4.86490757680736
-6.71380588284162
-8.77531280930446
-9.46697871833419
-10.1107246189424
-9.74949215666076
-9.16576312707267
-9.1175699543623
-9.74580335659201
-10.6982250421056
-11.2398107351451
-11.7119867495845
-12.1504004068127
-12.02580230935
-9.54147843267246
-7.76511504616479
-7.69651551653777
-8.07555224918132
-7.63862822713996
-6.63403479389506
-4.93439299278022
-3.06282756173989
-1.22766236338295
0.201600139412092
1.2586572039261
2.42018029720399
3.77362600836683
5.04963790337981
6.34948765942784
7.1329134451745
7.52011236574292
6.92590671956267
4.75387321310169
1.62701524294138
-0.656350420560276
-2.35063956913238
-4.0113804777061
-5.82768699299383
-7.5970702571588
-9.19660982554453
-10.29362427051
-10.3174344868372
-9.81017098361349
-9.18840925133435
-9.04512975803207
-9.67136742618328
-10.4749133365547
-10.8108917743184
-11.0959318949737
-11.3611138767266
-10.1161832917237
-7.78757678856846
-6.9555541435032
-7.10658026388876
-6.64657004668744
-6.01370436442043
-4.78734208288384
-2.96388211496603
-1.23888165024809
0.378542714999006
1.66864024974423
2.65695837115034
3.70993027917322
5.03866014227375
6.29740279911631
7.46665009386959
8.10323953258856
8.37158412737973
7.03200198764912
4.30299879964102
2.09110021617825
0.428478498036086
-1.20187980836699
-2.96686746500952
-4.90538196662187
-6.87099640745834
-8.52676204853504
-9.91409647058108
-10.2470959144046
-9.40438929571257
-8.5263635553512
-8.40299357094034
-9.03758748977756
-9.84702674673479
-10.1996662258825
-10.4493231251415
-10.6087902083834
-8.52409497034365
-6.97132918728941
-6.15770771131933
-6.19852310184183
-5.76815946250298
-5.24259944399841
-4.2948582502402
-2.78524484528201
-1.35584965853469
-0.0771349323328067
0.911935610996862
1.62359630650251
2.39297214175092
3.5007827612653
4.63230499877585
5.68214380847685
6.34584580478994
6.55578245910743
5.41758646751871
3.22361966781894
0.162975965174445
-2.17986761742132
-3.91844982391711
-5.66855665062092
-7.44987035831308
-9.26174357711917
-10.8381505970172
-12.0319843552543
-12.5808183941231
-11.7670301325439
-10.4200335805345
-9.81378029912967
-10.2873550170509
-10.9809257155878
-11.2448949731351
-11.2776714277692
-10.9598034574698
-9.03930899599783
-6.53676486116298
-6.00763603753066
-5.89108485941238
-5.292702271762
-4.42767701095198
-3.20511096898443
-1.67475384106573
-0.200664851343776
1.10888989831564
2.16649464255734
2.85142325879785
3.59165400103293
4.66661507701116
5.72752355398004
6.72149125323115
7.21085400279485
6.75927059303815
4.87643621281391
1.61589974550835
-1.04913728408355
-3.03850671298754
-5.13690953164825
-7.26265805062207
-9.25182397914113
-11.0343104182101
-12.3185163261777
-13.0177569125775
-12.8970785760232
-11.9783367894876
-10.6957868448828
-10.3212024772077
-10.7146864699764
-10.9542351989796
-10.8606548910479
-10.5068483798033
-9.1862381440035
-6.43138495802154
-4.34265256524338
-3.8470367732442
-3.52860542942225
-2.92755759637238
-1.98096857384442
-0.696002527438556
0.74354442779527
1.95853056715797
2.88794842326639
3.59875624370493
4.07281812488478
4.74284526302808
5.77028069979876
6.7531759257149
7.56250275678783
7.85252427028339
6.83365576451045
4.65900883824824
1.52094912781361
-0.961597416152292
-2.9787800043457
-5.10396722944817
-7.16340401157689
-9.10699621085212
-10.8759090364822
-12.0443123342306
-12.4288771474522
-12.0378850405085
-11.0031274881511
-10.1462619179291
-9.71956414581241
-9.99344438416268
-10.0955515706584
-9.90835678671979
-9.15957677160861
-7.22435074942469
-4.32552168156914
-3.82193451215312
-3.39481128019442
-2.86874532049259
-2.18828708087101
-1.27678221390822
-0.132026032859434
1.01545044597305
1.87666960713982
2.49138702282969
2.82383875512683
3.03096321609747
3.65478137122994
4.64198820470607
5.53132326553525
6.19466821454446
5.84053065595174
4.56229262039708
1.17829244356047
-1.53916470488863
-3.441375974629
-5.48599388872448
-7.63967042589326
-9.65713411926007