0.616409367280878
-1.26760796908878
-2.69544044639856
-3.10172585833444
-2.67705927159683
-2.55169792639852
-2.75628952343666
-3.3028762755091
-3.00473035372663
-1.50628188442351
-0.637006571112103
-0.473889537347003
-0.1435442495574
0.465640076636107
1.67304902924278
2.9997585899675
4.54916630549253
7.96564008827429
10.7429759691669
12.3405741544106
15.0570677277959
17.5181008327376
19.4230146327457
21.1321089212788
22.7701348099635
23.9313147016626
24.6952606447779
24.3326816210714
23.4807959886929
22.5327856589753
21.6133826943448
20.7207554632885
19.8706822035574
19.0422035740436
18.573883067082
15.1732389879898
12.734789497993
9.19872708461249
5.8810225729966
2.62775421026917
-0.839104119689937
-3.19203731358614
-3.66569136470544
-2.67917042372215
-1.75596434284529
-1.83837980163274
-2.16862696300031
-2.31415432183528
-2.46022656846505
-0.406129940687772
1.72365266991339
2.63788968418021
2.60983399136189
3.60462612963372
5.30954613106493
7.17952437236439
8.82247436701372
9.51435370805853
9.58417751323868
9.09402730258733
8.56140072432136
8.19892054321107
8.16068500720621
8.08590344920804
8.14453118517793
3.45443186342269
0.900218980851583
-2.14332015967924
-5.41709556360841
-9.10995401630189
-11.9570149108917
-12.8869026161753
-12.1054196232069
-10.9769259267587
-10.6076255449344
-10.8114783347216
-10.9997750618806
-11.5108001773392
-8.37370559602472
-5.60537746373683
-4.47000698114092
-4.17815948197701
-2.91827763836561
-0.859711265234912
1.90477559823528
3.69033272158829
4.08887408039209
4.28693888304339
3.73455129139644
3.68933305817076
3.9170863996789
4.7480682282699
6.30157396478786
4.20944842436897
2.39604256500911
0.411540204461109
-1.87657103435795
-4.73997802539902
-7.04342505981368
-7.55148037614185
-6.29113385892722
-5.14165505428406
-4.86965254729045
-4.91313839595422
-4.89767213477179
-4.89150178361125
-0.52223150513227
2.12149698896351
3.06011123992591
3.81353802391042
5.77585419709465
8.15614513966946
10.6227078161678
11.6889037555302
11.7159860103216
10.9724379046578
9.7809632730112
9.04753695990029
8.7465231656911
9.12256731417883
7.89227721380821
0.59049554561518
-2.09407319305497
-4.53814363828402
-7.51644497768547
-10.3039086589774
-11.7533937016183
-11.3557551304143
-9.88896193376121
-9.03631204705779
-8.94549490308487
-9.1778073936071
-9.7743061685121
-10.6808015002416
-7.93739941521971
-5.84917842470212
-6.76703026116106
-7.57361165292109
-7.46440205585837
-6.60947859542881
-5.42370197757945
-5.08954127941716
-5.20379190814427
-6.23787039624647
-7.09799653118665
-7.89007094419387
-8.02636493252239
-7.69046924673048
-6.91018980373583
-8.72624666027387
-10.5097695051556
-12.2256324667206
-14.2646662211401
-16.1114062345354
-17.3524377401943
-16.8601575887161
-15.4852069057987
-14.6499811528822
-14.6294095356489
-14.2148180088556
-13.6399173823554
-12.7217255546772
-9.18878064528181
-5.06334044040899
-2.51697951944948
-1.44204353580656
0.952920127964287
3.93409842995929
7.0100869562755
8.68974379363324
9.19563384793363
9.09116987929849
8.58768063220744
7.9060852614289
7.69863195388008
7.78974034889588
8.00172948612997
2.27632867572718
-0.0538462677324549
-3.29369973419962
-6.88337003267308
-10.8329624475112
-13.5825507281874
-14.7030337706901
-14.0973333770327
-12.9435877095976
-12.590684873842
-13.0315763795433
-14.2736290040382
-15.9631809734483
-11.1256514024582
-10.7877439957007
-11.7079538353457
-12.7138538068416
-12.6505670806538
-12.0110504080071
-11.0491560224426
-10.8841660995769
-11.1208937324802
-12.0937446762265
-12.4979151202921
-12.8013056005344
-12.273543322482
-11.3358579477053
-10.7849614922405
-14.9639538380634
-15.7967324014933
-16.4499631405236
-17.1355860017559
-18.3978708014441
-18.9504291077124
-17.960582033889
-16.3302951984844
-15.6767998090362
-15.1209425686835
-14.5581832510609
-13.5870161798482
-10.2857156035244
-5.58588457106182
-2.34664222785997
0.0154133964710395
2.93011677734822
6.42643433652391
10.5896995593066
13.1652191594521
14.6478719659394
14.8690900993681
14.7950568614064
14.148448135964
13.7790881835368
13.5462425249357
14.0931922335348
10.9733538761339
7.68737528585436
4.52088737839008
0.7594321999668
-3.65438174985032
-7.22272498810209
-9.30406774277427
-9.45642638651645
-8.68494908125883
-8.37806711335348
-8.98747000317328
-10.4491540738808
-12.4835102424337
-8.91372634087438
-7.70802854009933
-8.45107792376326
-9.32204812781
-9.37681069828627
-8.8353097240849
-7.70164513201966
-7.25820873514536
-7.23340635932159
-8.10036060853946
-8.85029128086018
-9.45115057217395
-9.23494030189189
-8.54394467566028
-7.05302883527388
-6.55890592846657
-10.4978541088939
-9.97977233531843
-10.5006356938613
-11.6816064735572
-12.8594150072278
-12.7513862749389
-11.3279294660305
-9.81671990628434
-8.92815150596
-8.17612173351292
-7.13574461475362
-4.38282687987613
0.00675275779823054
2.84770402518402
5.38491453066842
7.8829989388851
10.7249356536871
14.0796523299701
16.4741407429978
18.1004576033959
18.3038651425101
18.0704961524251
17.4551342343005
16.7195482159873
16.2755435852743
16.3072538756471
12.1076576395638
7.51744682119662
2.29175274028537
-2.63487276906933
-7.76582061979693
-12.0889178047327
-14.9252881054767
-15.888430207593
-15.1982789679851
-14.3857734308443
-14.5442833824228
-15.8275287793958
-18.0326592753383
-16.5546297064143
-13.7565224426925
-14.2294260732232
-15.6552134103492
-16.7207230170796
-17.2015663115982
-16.9774953862544
-16.9430655215465
-17.4659214287296
-18.404945139619
-19.1290072708824
-19.5514555351404
-19.2662858781077
-18.5791727627931
-17.1462923599257
-15.5903240834025
-16.468211134169
-15.9141195121993
-15.0119477344096
-14.838537023666
-15.7864101349982
-16.1057414632366
-14.96303064812
-13.1636921690307
-11.8936670387708
-11.1007119907955
-10.0718837388792
-5.09116699288101
-0.997575853123468
1.95670628584127
5.14550286690556
8.39751855431689
12.0870055393751
16.3808165549111
20.0662583320415
22.0674278327922
22.9428366208144
22.9441414436329
22.6518099174186
22.0447990136241
21.8084183733166
22.0034096291611
22.7802425466185
21.9970356130667
18.7645772342944
16.4563221740311
13.4098753068557
9.31365487291665
5.74195046467843
3.50656716392408
2.8303733767229
3.17779636729153
3.14614553787897
2.26875990132335
0.668554015274613
0.816421265966401
2.87334465375254
2.43284148266359
1.61478507333354
1.23204189085671
1.47366706196233
1.8096934448846
2.49930028650588
2.41324802196505
1.8775248429179
0.56111062634139
-0.244095405772816
-0.143789657747418
1.10613847891299
2.93155460428518
-2.23218454741188
-4.40718341350956
-4.99291469610025
-5.31690224653868
-5.75030223892308
-5.4536629073924
-4.01486548967501
-2.65269543935149
-1.57103363125892
-0.135374778207767
1.29861280954219
2.84022817124919
6.68402423088601
11.3408106987131
14.4015251388815
17.6151319681236
20.5987888520798
23.7427808386915
27.1336052500115
29.9489899841118
31.6558948101176
32.4620071869342
32.1667872028071
31.5214957878714
30.8710977702233
30.2249612836216
30.2324828289026
30.4587509333587
29.1521621440317
25.3018193535498
22.2779135870715
18.7317212491135
14.5361804264595
10.9977791118593
8.98805635172757
8.64717165845487
9.21115276928108
9.48827947386122
8.90295293222616
7.56668329432784
8.51645929990723
10.363454411324
10.581577713595
10.1873534105745
10.3555300911377
11.1124202649222
12.2076008617323
13.2982293002423
13.4174687949633
12.7612677267468
11.7246370899847
10.7762159648538
10.7329125263906
11.2904667248773
12.9520446675998
12.639022066319
8.29452153715778
8.02003022083677
6.88443920537545
5.18868560184481
4.00013534378013
4.23746407279282
5.91300635199645
7.48983280980473
8.42337615173115
9.19560673169859
10.0336176392774
12.4822135723523
15.9869282799312
18.3894428004832
19.8696108687781
21.7710435964938
24.3632160492008
27.23768897258
29.8928462150751
31.4314749087991
31.8715976574913
31.2884031212368
30.2238948704065
28.8305029947041
27.6543537491277
26.9529432854468
24.7153692054483
17.2712227687402
12.782209771293
7.61078565168159
2.00523682601934
-3.4026702275023
-7.32032967635208
-8.87471618755182
-8.88414378005702
-8.63944695823587
-9.08780001952807
-10.8541976966347
-13.5420980699833
-14.468444869759
-10.866000192631
-10.4498803864586
-11.7848034267396
-13.7955540565942
-15.4500074001424
-15.4235178492437
-15.3058506405955
-14.9723575147557
-15.309994641803
-15.7229776372419
-15.6055465378938
-15.1352822222885
-13.8647111545065
-11.8104291493281
-8.63008569190094
-4.99507116831206
-1.50836438733483
-0.64068088085997
3.25012121379722
6.78532435185463
7.96927594218534
8.32169261405637
11.7300010004488
17.3294737591703
24.1920272722716
29.7371656035436
34.1530824342146
37.5509314143062
40.0351642517934
42.0714505908861
44.8143775991067
47.2696176786024
47.8962215624776
47.8765936553126
48.8479007432108