1.10624676257758
-1.30516657164063
-1.58057892475294
-1.78041626367888
-1.76202724139385
-1.49596494591856
-1.22120348973345
-0.488659479341046
0.640437703318427
2.08431671062552
3.2572162533282
3.22046222868968
3.16893790555218
3.30054623203282
3.85329957512928
4.77501952535276
6.07600860298355
10.0279336563116
11.8809510536293
13.0037140934968
14.0595181351063
15.1092517483619
16.1497845353552
17.3660821501161
18.8603609044677
20.2943472501983
21.1648795221242
21.6259502594055
21.5597560748174
21.3980924520434
21.4960690460276
21.6301327422978
21.5033982686824
21.0158333801743
20.3149513729752
19.1131335750419
15.3218608104929
13.116894910876
11.1695344538952
9.20511945469847
6.77202690722974
3.95407083307339
1.15650337665602
-0.808464428320643
-1.9137035619887
-2.46432905398362
-2.80874921681622
-3.23545262632379
-4.05504457514299
-5.03441476887046
-5.78432357725826
-6.01041149253748
-5.86653854484182
-5.58224932732711
-2.78852522925333
-1.14123220012831
-0.730664581399597
-1.40415190781921
-1.75195772592501
-0.984024264657532
0.826091396605693
3.01442209364046
4.94898135054055
6.3417694523821
7.17210869759296
8.0896402237535
9.07800256369275
10.2056389319922
10.8692870207912
11.0870917591675
11.0003339902564
10.8099895103916
8.65539596269576
5.89285680707297
3.69497198479417
1.91388862821293
-0.365565110200468
-2.30452156229177
-4.67293935661833
-6.59607737211202
-7.8801751584057
-8.47265020403894
-8.85482451128586
-9.19097719177696
-9.85324345040476
-10.9984571047209
-12.2014981786627
-13.1282713979387
-13.6744206164764
-14.0641664827701
-13.5480066447966
-11.5536440852453
-10.5892601999649
-10.5062947277519
-10.7884665377808
-10.5941540552759
-9.00282825377229
-6.36995889647098
-3.58770364545505
-1.05207841886152
0.645001716175211
1.98220371784648
3.55968505045069
4.78110558669644
5.85550471718745
6.44071454474245
6.59057432135984
6.55456628411273
4.7686876737345
1.83469740907778
-0.239367730875215
-1.98467278248501
-3.52000721105695
-5.11325072354026
-7.34519916172569
-8.74995059351736
-9.89113307340715
-10.5654131908601
-10.6388525885419
-10.7080283276616
-11.2061281347585
-12.3154622847298
-13.5516297649668
-14.5930156112497
-15.3894235087079
-16.0587442725418
-16.5538330298734
-13.1479763219713
-12.9615868227867
-12.0735057163406
-11.8734552256741
-11.0598767528101
-9.08389519185567
-6.27692161002059
-3.28221941969482
-0.69786118866277
0.954020188499059
2.24547273884854
3.68692864898434
4.73139194681641
5.61749971553565
6.11881365008018
6.19296461305878
6.13937242729695
3.01568924395669
0.776479484278874
-0.82877421380123
-2.43004146762046
-3.78191745139577
-5.45749624612359
-7.43753171756109
-9.26652265123932
-10.145657667758
-10.1495538159126
-9.76338923709937
-9.74868155315706
-10.3255999394786
-11.3692307467701
-12.40154490569
-13.2348868631944
-13.8725105888732
-14.4642195138994
-13.5508158849724
-11.6085330641072
-10.8131522955565
-10.2310551521333
-9.87245614422517
-8.97390096146323
-6.98978589860853
-4.32966837077647
-1.63282018148783
0.655325068058157
2.07261840180959
3.24516902359272
4.52525070311477
5.51714172185907
6.37331725347184
6.82232579908884
6.82893181562136
6.68499272615469
2.94053681134159
0.681732858029115
-0.931900788608238
-2.52186606868531
-4.03275395974531
-5.92565078203674
-7.99672823527107
-9.83312859648284
-11.0797592326122
-11.6849293743088
-11.0301421374779
-10.5562472034517
-10.8741142918318
-11.808111662447
-12.8143468405048
-13.5756753630526
-14.074292010102
-14.4216755560914
-12.5481557754456
-10.9612805228804
-10.1741601433361
-9.78060999531484
-9.42066460832036
-8.39166717433709
-6.34618307331876
-3.82256817824141
-1.29544055670477
0.815139130760145
2.09168592329808
3.13978755204931
4.27093678859842
5.1292633642299
5.86723028670061
6.21076120664329
6.14670899372025
4.9888017551706
1.77053325276558
-0.206062014397414
-1.87829185269899
-3.23774200969187
-4.62582010308909
-6.35154275190274
-8.13106157304327
-9.69720461781069
-10.7949002841833
-11.2569470655467
-11.2525323729434
-11.044545237545
-10.9002224933139
-11.5686840291409
-12.5441111537508
-13.3296804175049
-13.8153364062677
-13.6164427076094
-11.3190209051768
-9.70293988859734
-9.08936624453312
-8.91041728566564
-8.45974780344106
-7.21238582487494
-5.23515550284804
-3.08798358085483
-1.11360976334945
0.44632380022722
1.269163072499
2.04128758653307
2.93672727402479
3.77810063558111
4.46590886499348
4.72490310922787
4.5235223699937
1.64797200609752
-1.29662850468999
-3.54538925162455
-5.60530066098297
-7.50849975410658
-9.33824336694193
-11.4348700094589
-13.2140699307995
-14.2408821753808
-14.7476146663913
-14.6290799259617
-14.2102298725332
-14.050227845185
-14.388112997035
-14.9307058470946
-15.2378082744749
-15.5162383008055
-15.5862160521721
-13.9747565658609
-12.2809688204413
-11.1033478687879
-10.9046061788738
-10.5140248342401
-10.3870349627892
-9.40647208549144
-7.54570043635148
-5.72265418975326
-4.08787819143827
-2.98179254745701
-2.327490006757
-1.61240342138465
-0.670067209397299
0.256317097883414
1.06849313349609
1.33488916371267
0.0438502837106919
-3.14772158625801
-5.32660924399651
-7.20013628312552
-8.9429637898052
-10.6348420558815
-12.3801098331982
-14.3875350704017
-15.9664534787088
-16.7063828071592
-16.8019890624681
-16.3974826609245
-15.9231613781628
-15.7532502018806
-16.0084129180137
-16.3765800616481
-16.5515342983788
-16.4597641142658
-15.8925125712363
-14.5928139802078
-12.810939270758
-12.1316084336562
-11.4840729390376
-10.8565903168559
-10.4167093323766
-9.65636696694035
-8.08373484877971
-6.27969523755911
-4.65499146940029
-3.43134833673424
-2.85235065912561
-2.36266048371415
-1.6315830093352
-0.729299786585951
0.110420344224585
0.611693731055827
0.409459562566014
-1.83714349329575
-5.32081142139606
-7.86379444023191
-9.90443681873773
-11.6283445377597
-13.218670236048
-14.8879101124538
-16.3672066541666
-17.153937862767
-17.203418932559
-16.6225797356854
-15.8158729526551
-15.3593536652349
-15.7323156855679
-16.1001125179019
-16.0604021753842
-15.8254502598193
-15.1995650812629
-13.880507593871
-11.3231197431643
-10.6854300396566
-10.4894116965246
-9.86291235806952
-9.36250142411654
-8.46313200017622
-6.95060430615512
-5.00050661905588
-3.09788599491177
-1.52949729758569
-0.667766515846711
-0.0965303642273293
0.555224998919089
1.4009122352158
2.19253847088991
2.70385828260109
2.7472260745723
0.889191650329688
-1.78770045640305
-3.73966568485824
-5.35498140690457
-6.82830527667205
-8.33441015825907
-9.87081982692838
-11.5708329488935
-12.7370683124983
-13.0681597636479
-12.7265746620706
-12.1402727466042
-11.6626480555595
-11.5591477799138
-11.8701730885651
-12.2710393516063
-12.428389526078
-12.2913038939941
-11.8187103199724
-9.4972691254071
-7.66143387175689
-6.76107479619484
-6.43366347825153
-5.77548173083377
-5.33862571890032
-4.27538366668698
-2.75366656885157
-1.184044146397
0.0699747510203727
0.710881965196502
0.89957904836426
1.06721574294512
1.49047748015308
2.24715803018215
2.84462912937622
3.17641775137954
3.09509161374762
0.933995714826997
-1.76670473926397
-3.82039016393411
-5.45593657721845
-6.95249463227154
-8.40416163456838
-9.96019495221005
-11.7707834166281
-13.3270821304706
-13.8820556501314
-13.4032047694312
-12.550034919667
-11.813461677867
-11.4620381359451
-11.7670881472722
-11.9358343468306
-11.97434170821
-11.728581056812
-11.1522609311124
-9.85625785804346
-7.10795465793235
-5.52616165972568
-4.93406920785933
-4.62666599693159
-4.10293382511243
-3.33414894764408
-2.04443441663858
-0.567845692778223
0.810334941715933
1.64129938029872
1.89054179206014
1.87938323953226
2.01123318520512
2.63875765952889
3.35994768306595
3.86158301009931
4.05903804794488
2.6150548639404
-0.37705740570022
-2.36580873997431
-4.1347864242507
-5.78833687554806
-7.30934325745057
-9.06442464413784
-11.0719593211616
-13.134315491281
-14.4058031292447
-14.4196007232177
-13.472732529541
-12.3940246857249
-11.7652253598057
-11.9890325995828
-12.043053896358
-11.8096346329321
-11.3575440153051
-10.5712841810679
-9.39919194309875
-6.5119398393498
-4.5692299057335
-3.66249158009145
-3.05525310057783
-2.27796096336068
-1.60629711998297
-0.682376850373374
0.69429389235581
2.01993683510455
3.1849548833008
3.74597655600726
3.81317655441881
3.67689267040308
3.79879777214998
4.43802060324585
4.96888325499273
5.30482611801466
5.26069847264596
2.97544266733313
0.0652117395609486
-2.10555859690352
-3.89129771921939
-5.39308746496034
-6.8465597309865
-8.65150146063603
-10.7698902771911
-12.8381198553985
-13.9368709211409
-13.7652226956804
-12.7963806475063
-11.774962140492
-11.2177842285986
-11.5313562162597
-11.5974368745222
-11.3122675872294
-10.8486225056817
-10.0498604876782
-8.68626360607651
-6.00940302080656
-3.98094420886661
-3.03521159226991
-2.65178053985174
-1.9406548386618
-1.09385216135117
0.0636470613440466
1.4876736720329
2.85402412562665
3.96749186038772
4.46733902342942
4.46100922555689
4.3537095898269
4.48774188048768
5.15902268511511
5.6462032876713
5.87232408011141
5.34442949339438
3.13836406535591
-0.0905454644757239
-2.48680665289061
-4.29433059325537
-5.95694222546001
-7.6890600049594
-9.62718047048856
-11.7727949597981
-13.4369187079875
-13.8334446640547
-13.1042368458757
-12.0628947853151
-11.2939296575106
-11.5093641120672
-11.5090946638167
-11.3701605226839
-10.9906430879973
-10.3021932833929
-9.21044510914746
-6.635654174792
-4.60333342972375
-3.68341071418573
-2.67301311417319
-2.09283629412628
-1.45260327252021
-0.614507965802337
0.795708107000754
2.3380328533822
3.72901472524103
4.59508392105933
4.8726088480649
4.93195273984586
5.1053943210814
5.76967149297117
6.383408328759
6.77358400996059
6.77572567403856
5.04677058665449
2.17730173891249
0.299463359983551
-1.32941432312482
-2.82976281352616
-4.3535634399285
-6.24249548607651
-8.42041136537661
-10.487102114271
-11.6339165030199
-11.5027059566821
-10.5583235939153
-9.65053443493961
-9.20169419565362
-9.3485833925464
-9.55907941876026
-9.55807563608639
-9.31484820594815
-8.72191440034188
-7.72955776849768
-4.82041681555043
-2.94701320077659
-1.96985540246204
-1.13652319880311
-0.691384778570558
-0.163954830977126
0.805285560261829
2.00335644905611
3.24056200461759
4.16979556908344
4.52525684943792
4.4318294065052
4.2869006104347
4.4186240314622
5.04532715133581
5.54716827979358
5.84420339402357
5.4903336675239
3.55335046613375
0.374279646179203
-1.94953292136665
-3.81975887858914
-5.38510312634292
-6.9851227804923
-8.94732353845661
-11.3136891128038
-13.5795630722321
-14.8312044015436
-14.7542739739034
-13.7794781701313
-12.6947563476739
-12.1101306417451
-12.3327612242576
-12.36396257647