0.332901112340696
-1.20944494899356
-2.01935109322323
-2.11897354973757
-1.11907124495299
0.381291001739475
1.72260232184611
2.77440336726051
3.75540568985495
5.02134776345193
6.70281856431705
8.64167461175513
10.363835841307
11.5673538566052
11.8486433277042
11.4561799079413
10.6919265707828
14.8776841058171
18.2692698460266
21.1735849393129
24.0012123572368
25.5829847227025
25.919321101092
25.4142249166668
24.772517111142
24.4097194973899
24.3443776202226
24.3033733028949
24.1692916356908
23.7873884551234
23.1287953036571
22.472667590273
22.1951459575173
21.6337679859438
20.8546704455627
19.9719766154686
16.2501106342454
13.4891562410801
10.16911133234
6.74827034236652
4.01371510195636
2.02527877514204
0.813240213414504
0.170266178307555
-0.337491761566018
-0.816369794330998
-1.16691850888133
-1.36492500385555
-1.23155594374873
-0.544134079334359
0.564371179867282
1.7001648233689
2.47659322363245
3.14502319144377
3.56179304284039
5.3931718668095
8.89570082882487
11.4249722896858
14.54865112194
16.8593542779664
17.8839286140182
17.8430956175573
17.4406740959298
17.1813864779453
17.1380885482748
17.1123749918174
16.9685038592892
16.6202969859634
15.9946893228984
15.3945307383702
15.2338916245202
14.9730882604651
14.5187701092736
14.0417751496657
10.6760556673735
8.00319451260348
4.79223640089022
1.55278889418557
-0.851809436973318
-2.44695181252672
-3.35585325903426
-3.75598473420316
-4.11265214899193
-4.43086664191335
-4.61880264481181
-4.60886209508377
-4.20251369362933
-3.30846345972436
-2.07974784538533
-0.946984142480131
-0.0370932282029182
0.688944150615575
1.1636833246618
3.37522556612755
6.68040737913323
9.21543960367623
12.4391533009983
14.937114279341
16.1958163429618
16.3321717051433
16.0276482942785
15.8051903104104
15.7548138976396
15.7000219674874
15.5218187860164
15.1219772141381
14.4096907185625
13.6930489198747
13.416918533898
13.0151245470277
12.445730215977
11.8562729426687
8.21835846270448
5.50271138296471
2.23369280335616
-1.0305729053408
-3.45455761121666
-5.08995436041634
-6.02535479671852
-6.40945422506088
-6.71018328402305
-6.97819765979157
-7.14042087923144
-7.13542228192669
-6.74964725042469
-5.8760056692478
-4.66236528821168
-3.54268062707887
-2.61377486147403
-1.85544707796492
-1.3235209448707
0.847255535631174
4.14191003785852
6.65274181646536
9.87044956773103
12.4040257665293
13.7115754083324
13.902232743014
13.6223736312524
13.4114567190493
13.3610331962088
13.3008741805884
13.1178584202029
12.715335592828
11.9955662933908
11.26516106412
10.982659685182
10.5757928316107
9.99978361759527
9.42068149378457
5.78051921425183
3.05892615303605
-0.204073831974423
-3.4351679796936
-5.78780445091882
-7.34676716040028
-8.20785683058625
-8.5202119008635
-8.76181000625385
-8.98392452128661
-9.10550083792404
-9.06020737037189
-8.63255066982363
-7.72862862036781
-6.50147527085718
-5.37810236882401
-4.45537347544543
-3.72341963348811
-3.22922283669418
-1.01476756823432
2.21416256909184
4.72616194685164
7.95429978531535
10.4951084665496
11.7849397627239
11.9623788368342
11.6781999038506
11.4672935546087
11.4160234077815
11.3528206683316
11.1634127323561
10.7476543632304
10.0143074084258
9.27621004639366
8.98052272940631
8.56929004093156
7.99602906271109
7.4075622468979
3.73903133767767
0.982839474698064
-2.3186862561124
-5.56301135993791
-7.90918546924341
-9.45460869212794
-10.3042495656544
-10.5979074892628
-10.8127679052539
-11.019018403842
-11.1373782853224
-11.1023735505214
-10.695446687836
-9.82025008915124
-8.62381066785975
-7.53485938021467
-6.64663724943978
-5.93623401891594
-5.45233771879489
-3.29395294260254
-0.060078190504609
2.42366868489267
5.64318610820376
8.20034810126224
9.50525353601726
9.70732211822401
9.442643416745
9.24893414898112
9.21437889585841
9.16695988941257
8.99444225289957
8.59743746414703
7.88230767384652
7.16023606014642
6.88005941886418
6.48228634893094
5.92031760589654
5.34458698088818
1.62287507803385
-1.10238834152662
-4.37947914016334
-7.60016350893853
-9.89381922410066
-11.3620040276381
-12.1279628664211
-12.3465834731508
-12.5109907848369
-12.6912893482061
-12.7936573231302
-12.7415339532563
-12.3142412856115
-11.4251795825279
-10.2257403628661
-9.13109299211855
-8.27893161932466
-7.61832003689039
-7.20023623308463
-5.1027410959727
-1.89886759387416
0.619617283251944
3.85501361381947
6.40610503413659
7.65290384585241
7.81069649776499
7.52259370126156
7.31325556960492
7.25651424911078
7.17966116354329
6.97049712956125
6.53018771351789
5.7711977615063
5.0126325225238
4.70041809018389
4.28124486861404
3.70665163797396
3.11731037355224
-0.600204400624335
-3.35290370936666
-6.66172628483948
-9.87876830487734
-12.1399409739622
-13.5430688283666
-14.2328624984628
-14.3571792489642
-14.4359939427908
-14.548482533646
-14.5876278596829
-14.4776739956466
-14.0026557145184
-13.0725117482826
-11.8502933904345
-10.7711976094105
-9.93247928708699
-9.30932594818505
-8.93912289412258
-6.94675810161749
-3.73468304158358
-1.26331875462442
1.93953698511028
4.47647925409753
5.71411512912452
5.86260892509981
5.55468564637342
5.31779421143793
5.226199685916
5.11275939461479
4.86627830472278
4.39187731755613
3.60496552220714
2.82883907801249
2.50909985486566
2.08726573444743
1.51883459819642
0.932992646246435
-2.81393831154394
-5.54886584982773
-8.86036449957585
-12.0692908738056
-14.2912824861538
-15.5166042248318
-16.0847499992743
-16.1482841469194
-16.1912259127199
-16.3076245310712
-16.3838957465929
-16.3343087111225
-15.9149739927383
-15.0496200923358
-13.880119749085
-12.8102887939531
-12.0382883881956
-11.4569985987767
-11.1339766600766
-9.10278794156967
-5.99179398529314
-3.50511515667688
-0.284727438398361
2.25445811690502
3.46685542528975
3.59527287351584
3.28323860163534
3.04663670622443
2.95195960899975
2.82836865016571
2.56352302838323
2.06492251925078
1.2574605918771
0.47611764407622
0.161339663271051
-0.25243241719805
-0.808089519102104
-1.39247363263026
-5.29107668342639
-8.0698899959086
-11.4066582363279
-14.6053124565381
-16.7859005546673
-18.0722076734961
-18.6408346787482
-18.6369473272229
-18.6034551318946
-18.635546478648
-18.6109639610974
-18.4468762026965
-17.9234760561532
-16.9639434725789
-15.7371368365315
-14.6680733624948
-13.8682422978874
-13.3106275912969
-13.0230815892855
-11.1242800161133
-7.92289675106068
-5.47128499471966
-2.27803365322963
0.255520962891023
1.48502170094866
1.62318569222101
1.29844066570993
1.03836752447086
0.918132292801851
0.772499581233628
0.490947089490979
-0.0196484571755444
-0.836498472252727
-1.63206911258997
-1.94876695660058
-2.38194235227751
-2.95140286522507
-3.54816340198811
-7.39320543977333
-10.1391888425878
-13.4581054396352
-16.6732935263908
-18.8688559328765
-20.1588857503886
-20.7355645884818
-20.7389090100933
-20.6700172838505
-20.6457301739083
-20.5790675148885
-20.3956309688672
-19.8767148317696
-18.9442768300684
-17.7681979222809
-16.7701684496362
-16.0582236201125
-15.5817192794884
-15.369324528595
-13.4606279206377
-10.3478650123428
-7.95338011012239
-4.80423125563319
-2.30387351575172
-1.07177960810035
-0.927645680437279
-1.23774681274339
-1.47873410326405
-1.57442077678445
-1.69384813399069
-1.94534223185692
-2.42153624343143
-3.20601284898484
-3.97805562211894
-4.28944452013951
-4.70480369321858
-5.26568964525768
-5.8407522714996
-9.54919749452482
-12.2905459312146
-15.6063026597872
-18.8143717237712
-20.9719401469733
-22.2369231090961
-22.7896553099029
-22.7938824102877
-22.717982215395
-22.6772348402611
-22.5897179816485
-22.3872500022311
-21.851952164995
-20.9222760341786
-19.7683061821981
-18.8043423380089
-18.1405496502552
-17.7163131823223
-17.5578305823602
-15.6645991058335
-12.5965003815604
-10.1794694062428
-7.01369032909005
-4.50511723072363
-3.27665622832935
-3.13423223958725
-3.43388554387077
-3.6593580200948
-3.73709731240032
-3.8398474834586
-4.07550402026829
-4.53848126801076
-5.31230338581896
-6.07801263734365
-6.38546911894332
-6.80386383209304
-7.37017167696966
-7.95141164636068
-11.6365594669609
-14.3762618048291
-17.6937282316132
-20.9162933584826
-23.0718199094089
-24.319609278352
-24.8485740015971
-24.831799232873
-24.7502630814509
-24.7169929078284
-24.6353083477392
-24.4318657635939
-23.8888416493402
-22.9464212616641
-21.7776782343135
-20.7970162935982
-20.1201932365691
-19.6876494183367
-19.5258659632789
-17.6623823751798
-14.5541266215665
-12.1184429557794
-8.93916745580443
-6.4192724490781
-5.18458158460602
-5.04012453317471
-5.34764139398943
-5.58580099700584
-5.67989218028983
-5.80029630232344
-6.05405270856977
-6.53571057230835
-7.32541314277536
-8.09995560016334
-8.39977248521278
-8.8228629652489
-9.38946507111947
-9.97846503221948
-13.7906182938857
-16.5268484640203
-19.8446033634651
-23.0742131504314
-25.2182835802607
-26.4280591735226
-26.9258947582247
-26.8865255001056
-26.787417137452
-26.7474654321129
-26.6655132524408
-26.4630037382395
-25.9200957299426
-24.9772371870343
-23.8076771805033
-22.8163710631233
-22.146091755792
-21.7245242164822
-21.5799467797445
-19.7350036185286
-16.6214708320639
-14.183777535653
-11.0079573251107
-8.49957517225774
-7.27661463645689
-7.14573825019144
-7.46668320848662
-7.71843181325422
-7.82794423098564
-7.9650857881123
-8.23643522680938
-8.73472535781161
-9.53698349380056
-10.3156647512541
-10.6137037745663
-11.0337180747661
-11.5934287903911
-12.1804864756154
-16.011836206775
-18.7402317460059
-22.0611366769671
-25.2906138667024
-27.4177361484449
-28.5934312390588
-29.0550728580849
-28.9759327258355
-28.8509467753064
-28.799009157809
-28.7060037143616
-28.4883436364297
-27.9247142878843
-26.9579982059108
-25.7667247593678
-24.7587669934551
-24.0743570264505
-23.6521955403185
-23.517338188649
-21.660014012631
-18.5503205373268
-16.1586474741076
-12.9984808731694
-10.4952675097913
-9.26881415958639
-9.13770469182347
-9.46548205937968
-9.73035372115091
-9.85168598087899
-9.99688297271759
-10.2758125760698
-10.777649499867
-11.576656986087
-12.3386230983769
-12.6239270772181
-13.0255663660488
-13.5619531687625
-14.142510374364
-18.0161335610367
-20.7303405467266
-24.0568798031324
-27.2913337815817
-29.4185619611564
-30.5539348835085
-30.996039653737
-30.9065936752095
-30.7764784516981
-30.7285593442662
-30.647153435638
-30.4474101644012
-29.9105465087502
-28.967975071614
-27.791648950843
-26.7950974026106
-26.1315207776141
-25.7247202851005
-25.6101903021495
-23.8635291424277
-20.7247486593795
-18.326891457269
-15.1900173792237
-12.7222825716626
-11.5241854280984
-11.424653866597
-11.7925861755158
-12.0999759635697
-12.2699918466131
-12.4664925767714
-12.7973105932964
-13.347067105133