1.18057214888091
-1.08425680736661
-1.72947984998498
-2.36104049983632
-1.64649979023247
-1.82966417128126
-1.87121252792137
-2.2398182336927
-2.1571921689961
-0.839901022681718
-0.154775821245637
0.15753998525818
0.464289075077117
1.13641469833074
2.17808291435343
3.17764398253969
4.2695107558104
6.11117032287682
9.99063440594361
12.0911646134011
14.052674218868
16.4795761806106
18.8172782466395
20.720514732055
22.0081621799387
21.7589020226531
21.5384757462361
20.6348156222432
20.2475754375518
19.5169213997136
18.2007111675886
17.0875086643958
16.507367072432
15.7480908273568
15.2005401541489
14.2226709641706
7.68448839860967
5.25037717232307
1.75503534927723
-1.81170257522413
-5.84439712117081
-9.25863391610497
-10.8604183709451
-10.5239669080784
-9.67218790312804
-9.71803112097744
-10.2118128476217
-10.4374258348472
-10.6152482012995
-11.0090554676493
-10.7751659832521
-6.57246459792504
-5.42593833255795
-6.37621549866881
-6.6500767752054
-7.03732549867326
-7.62478995977277
-8.09685920084376
-9.16221361862374
-10.1094134688284
-10.898996851603
-11.5759558186645
-11.8429118379792
-11.9145082766736
-12.0899610614435
-12.4774543373279
-17.5549154220333
-22.5511352058223
-23.8964036429198
-26.1005998250963
-28.3788380735878
-30.6543135024021
-31.9985067742137
-31.9708029601055
-31.2280677462599
-31.312304101133
-31.690965894936
-31.9207503024706
-31.8003027672645
-30.9058042618372
-30.1721851853765
-28.4233445173793
-20.8566523909295
-16.547095254613
-14.5562102351777
-14.4585501145003
-13.6557549991619
-12.9604145677496
-12.978742567033
-13.960342329058
-14.8885926827848
-15.6449244649742
-16.0632390268672
-16.0718461372586
-15.5591367018582
-13.9384004497981
-14.0067344372847
-18.054036326571
-18.9811999101963
-18.6228400648652
-18.7967815661555
-20.2219323159829
-21.483868662733
-21.502542843054
-20.1700229840447
-18.7099063685778
-17.7873608281306
-17.2507954682701
-16.7604790478259
-10.5433170806871
-7.49652734118479
-5.02265392536152
-3.1570229278203
-0.398762549686273
1.01909000486247
2.85280120159922
3.33846857837282
2.61315471854296
2.07446918007279
1.53041439206108
1.62970969601781
1.90492652608177
3.28510361377166
5.02253701375775
5.61829491118763
-0.368277270851609
-1.6847003985063
-1.55716664777188
-2.59385845808525
-4.34301067838255
-5.68826495063307
-5.49854141310722
-4.03252726777145
-2.5386407004256
-1.57905053273345
-1.13669185279255
-0.91907615806274
4.38531894430153
7.68230443938813
9.58746171518811
11.4493080387285
13.9188787051096
15.4881594746219
17.4269578364318
18.7396683590338
20.1846979741808
19.928382625673
18.9713789573067
18.1017289739592
18.0748911129945
18.5435420008864
19.9608648440872
20.6609317511855
18.7955729068319
17.9166795121451
17.3053315031127
15.3729107307938
12.5297053562675
10.6405860715668
10.8558708287653
11.6633942142574
12.3593149940199
12.7052803510175
12.8793307753611
16.1968204420938
19.8470061637449
21.5807037585074
23.4495134620047
25.74890372262
27.4639959981808
28.8293775852173
29.983631530566
31.1178962048544
31.0233737847194
30.0810105921604
28.7099126795174
27.7910044845806
27.6261068924097
27.7779653330606
26.7763281973875
21.6082589886465
19.533348708923
17.0074614976344
14.345584922222
10.9334367776565
8.92679875075859
9.02184923636001
9.78681169332111
10.6500605634194
11.2097186645565
11.3554055452408
11.2150460805328
18.2163271281445
20.8509411612924
21.6631597660985
23.1026362110821
24.7705369589238
26.3388949205908
27.479679962235
28.2348657628402
29.0141138423782
28.20739884986
26.7206726600306
25.5653702835669
25.2442557048663
25.5364603871454
27.0081339868228
25.9148271460751
22.1490145067489
21.106908962863
19.999883967313
17.6962993685789
15.2901778706588
14.4301526890775
15.4040606444162
16.6919939748163
17.6591544498069
18.433366258459
19.1379686758278
22.7475845551828
27.714644962396
30.2191640032311
32.2126306716128
34.7062247852705
37.0940383622219
39.2907329877863
40.7422226877363
42.7415186875656
43.2343720291325
41.9984801009102
40.2476896950956
38.8353759234452
38.1426176317756
38.3721431237245
39.5010126449207
38.9977454485469
36.2756669057683
34.8923452384209
33.9322807990778
32.0800741813946
30.5919445517739
30.978862878792
32.2794595139129
33.3197426899599
34.0638932119144
34.8983545043885
35.6426346304205
40.8630311452349
45.6977541012412
47.4883846963
49.0604538761449
50.8485299597096
52.8255404094797
54.0388503433521
54.5380048919425
55.151923422017
55.1366737597245
54.400472139898
52.9495942222135
50.6337824614752
48.871688408271
47.9033589778099
48.1712437170429
47.3877745665364
46.487106939342
45.1014108662285
44.299897124981
43.0119044440974
41.8925453167184
41.8631215817922
42.9923258775212
44.3651887469244
45.4667804163499
46.4976466386318
47.6547848107466
48.7291121688273
55.2146055437047
60.175176218898
62.7839401943002
64.6488272730541
66.8273001868428
69.1462954697577
71.1401858241673
72.3033041529397
72.726074814159
73.4704523933648
72.8780675954131
71.3069646888013
69.2166711329788
67.0238673808845
65.7189905955516
65.1778065981074
63.9496592664376
62.6133318378444
63.0766190338704
65.3374907796046
66.1662735895483
67.9833599255917
70.0033163002464
74.1416652904103
76.7551170425025
83.0091790819111
90.7614251145566
98.0381172537316
101.54542722697
104.760161692738
106.839571804453
109.125111490895
111.50201899448
114.60255484392
117.311176642607
116.425695869608
114.380874819378
113.603912975371
114.411290731575
117.312573333501
119.865152943319
120.69765719517
125.890436625861
122.623415913083
124.63841795488