0.1943112712177
-1.78584538881211
-3.30985609022692
-4.36331367220524
-4.38265761464574
-3.32775708528567
-1.67860182090978
0.188604429116619
1.87061251477951
3.28741808943517
4.65074873175916
5.96257032320968
7.13872177067217
8.08044884095134
8.53931170747417
8.43748452275616
7.70085995295272
11.0217767394212
13.8209587732517
16.2061093517922
18.4674731308945
19.8377078093024
20.1166364385337
18.9537681491489
16.6058043953036
14.1044809859464
11.8953360580063
10.2963843690025
9.42682402905214
9.22794786463299
9.42265898084751
9.85230958764149
10.4068186423625
11.0471734777468
11.7176311253677
10.9890440358963
8.61271705289476
7.28299113543923
5.02989682327826
2.59043735122249
0.115563501297684
-2.24651973555239
-3.7217366929562
-4.21617929832575
-4.0145637804754
-3.52046304681128
-3.02868074473711
-2.71511625376116
-2.51372269031624
-2.16366059298165
-1.66735926606787
-1.17739501709226
-1.21345568902934
-1.60937202653467
-2.17565466499427
0.465826935690824
2.09655266082738
3.94545660920045
5.86787104093612
7.20227838186304
7.90251274606055
7.46609629558713
6.15347577363801
4.55931039963756
3.13534182016476
2.11744163236883
1.59050306323553
1.5856188580448
1.9091670373585
2.41565940077958
2.96812785589028
3.61265054558509
4.29812725621531
4.81820575884916
1.80299989190928
0.52229504015196
-1.52096670195887
-4.0591095782413
-6.51390613657546
-8.95670301095219
-10.5205655231129
-10.9792270860396
-10.6443611421857
-9.98255358264144
-9.32755734390294
-8.92094442411388
-8.70936630692862
-8.40173503739008
-7.96942655575283
-7.65447294216968
-7.66692312020762
-8.01423263582737
-8.74082608570586
-6.77086870676435
-4.6370440808315
-2.83307235291894
-0.720365966499983
0.842815696169342
1.80287068079461
1.57967923806465
0.400146198088111
-1.22000746037149
-2.80895306394024
-4.07813036699823
-4.88268317346928
-5.13861178477258
-5.00775075323715
-4.65063161501519
-4.1841389199951
-3.59376537316219
-2.96310744171477
-2.46005357131134
-5.97592969341019
-7.36634943670928
-9.54306455061073
-12.0922495125803
-14.4568670434991
-16.670990076795
-17.882932590002
-18.0011606335382
-17.3509092148788
-16.4468089360141
-15.6472553625438
-15.157012250362
-14.8757909831846
-14.51206040969
-14.0392848859738
-13.7487651262433
-13.7737996878111
-14.1310530809756
-14.8958719465803
-12.5639216602169
-10.4929523253168
-8.61660240086952
-6.44334798168291
-4.82515228125225
-3.86048599642847
-4.08363188324441
-5.2554081687655
-6.85237181717485
-8.4282612365982
-9.70673219965978
-10.5388445373086
-10.8347555638689
-10.7661796447027
-10.4814711834964
-10.0827296793461
-9.57784141587819
-9.03099951871127
-8.65449512561346
-12.3023054536937
-13.6836425237934
-15.9304318573932
-18.6890355642125
-21.0231441818445
-23.1677686420539
-24.2270018419725
-24.1030428001985
-23.1638236607443
-22.0241684412351
-21.0871375570474
-20.5314624413148
-20.2075071774565
-19.8124596747506
-19.3193408960303
-19.0250986454775
-19.0485655891165
-19.4052423719626
-20.1847732239644
-17.6320236974324
-15.5928152461141
-13.7008120716201
-11.5009740554518
-9.84037038579595
-8.89526690320105
-9.15666982139364
-10.3815921681649
-12.0339523290712
-13.6837598560818
-15.0510177159916
-15.9696871186964
-16.3442721006319
-16.3500594061961
-16.1350307457735
-15.7857927799483
-15.3085784157797
-14.8107555213412
-14.6404931016454
-17.9075445537508
-18.484683881767
-20.3219341803806
-22.9554869057218
-25.2862803610068
-27.7186224765435
-29.3514604843379
-29.7381162615835
-29.1843460426375
-28.2782490587976
-27.3591680880436
-26.7126823153687
-26.2905507205422
-25.8514576090909
-25.3416977745534
-25.0663766181378
-25.0917774521076
-25.4669395746526
-26.2591704515334
-24.1463558847586
-22.0064826841717
-20.1919903815486
-18.0536574574411
-16.4020429390567
-15.3800193677889
-15.6749348571583
-16.8919024470076
-18.5910463309751
-20.257912947602
-21.5840215174275
-22.4261592162785
-22.7102892629451
-22.6330640696314
-22.344631595331
-21.9570102614542
-21.4236911769743
-20.8654526549078
-20.4531948321325
-23.6097916862998
-24.9757511029112
-27.1067344128373
-29.7612427199643
-32.2233354710691
-34.6777464842146
-36.2511327892494
-36.6982378022753
-36.3223337465677
-35.5665313904831
-34.7354694675906
-34.1257396715299
-33.707622725326
-33.237105721558
-32.6897360734587
-32.3557553399585
-32.3257906928722
-32.6501035893033
-33.3826909173169
-31.1518241348243
-29.0182269407652
-27.1808155658874
-25.0800114419017
-23.463380993376
-22.5746399120287
-23.1834905318483
-24.8684014499015
-27.0083443848422
-29.0736223280644
-30.7737064202257
-31.9566964333964
-32.5161729321351
-32.5935559456946
-32.3806743982712
-31.9625756030946
-31.3787338274546
-30.698285801584
-30.024033239046
-33.0102654284714
-34.4540484250132
-36.5625739219285
-39.1317012556139
-41.4206393014472
-43.3494325868286
-44.2997908170505
-44.2498441394766
-43.5013680094745
-42.4778846555537
-41.5232768299137
-40.8349863169397
-40.3228955946811
-39.7566225555687
-39.1782584798758
-38.8428111026492
-38.8131190931295
-39.1023343945877
-39.7924804706159
-37.1438196223762
-35.1130416525484
-33.2538386583426
-31.0615075030274
-29.3719242527281
-28.4012692311623
-28.6205312822298
-29.8014656308441
-31.4746591845666
-33.1669813078737
-34.5944560532524
-35.5946080796097
-36.0665592986928
-36.150900604303
-36.0052730898874
-35.7020950039244
-35.3276960586189
-34.8550641978159
-34.5143999157794
-38.2555474252309
-39.8379928071593
-42.2784015997685
-45.0554541981894
-47.3246837102136
-49.1972025610146
-49.8887001843995
-49.4375745675945
-48.2754386124122
-46.9711784100368
-45.9056506429681
-45.1888235607592
-44.6444075447609
-44.0287467140859
-43.356293533649
-43.0117068450839
-42.9259512279885
-43.1811062767114
-43.7396837623765
-41.3626728552027
-39.5842171958091
-37.6635095440274
-35.4917381698432
-33.835081309446
-32.9900601803357
-33.3623553990139
-34.7250329317457
-36.5664058138656
-38.4387254359801
-40.0510772611546
-41.2068553215742
-41.7978020557676
-41.9754653145678
-41.8674623707605
-41.5615603935798
-41.0958340596608
-40.6040632922784
-41.2002128496605
-43.7258545754933
-45.1540572222971
-47.4825619613674
-50.151906995358
-52.6335986000775
-54.9489693136266
-56.341365033652
-56.616633990172
-56.0924704895778
-55.2267853931498
-54.3049310431424
-53.5889559238203
-53.0347744428836
-52.4302662866019
-51.7769905390797
-51.3988812299041
-51.3581229533602
-51.6678101606545
-52.2899597144591
-49.9162157146282
-48.1555208186112
-46.2936234730145
-44.2025691464237
-42.649615385197
-41.8919669820192
-42.3595449216732
-43.809276239994
-45.7373154907946
-47.6080464382347
-49.1397414508385
-50.1801340008883
-50.6484785165901
-50.6998047999357
-50.495148805301
-50.124578299586
-49.6166589482661
-49.0199722318774
-48.521420021859
-51.6957845603392
-53.132219901539
-55.2788332050671
-57.9115760371714
-60.4960124547419
-62.9089299557674
-64.369767333151
-64.7089512707169
-64.241087698555
-63.3897288485643
-62.4617936829898
-61.7437273737507
-61.2047154042468
-60.6131300856026
-59.9653455021095
-59.6344046899844
-59.5834934753983
-59.8384538912765
-60.4686353841467
-57.7611480699836
-55.7202858716298
-53.8760572552888
-51.7350421837887
-50.1294720102714
-49.2067991213805
-49.4773163819063
-50.738316274394
-52.5162348101213
-54.2958049952795
-55.7701047311133
-56.7836837988948
-57.2389140939448
-57.2785258971586
-57.0804508598384
-56.7242494057447
-56.2922180015147
-55.7087361855828
-55.2076420745805
-58.3900790324816
-59.8684611773359
-61.9971867009065
-64.5922187593345
-67.1370568865529
-69.4041839518849
-70.6945222124291
-70.9067048839
-70.3703773053247
-69.4938740999648
-68.5861841896841
-67.8871908696902
-67.3466225496573
-66.736409226956
-66.0577332276549
-65.6889923199455
-65.6052940686341
-65.8258899569597
-66.3508530347399
-64.0330006416842
-62.2953598385182
-60.4408658723018
-58.2984019722409
-56.7347783134547
-55.8822610789312
-56.2132946336414
-57.5405436821834
-59.3916179888564
-61.2411617039641
-62.774899871921
-63.8256816596389
-64.2917990138081
-64.3100245321075
-64.0671300149483
-63.6558861859635
-63.133449238262
-62.4943630685496
-61.904693269828
-65.1959088065586
-66.6178442063263
-68.7491591494726
-71.2761439813296
-73.7852367649712
-76.0323076633567
-77.3175256840461
-77.5366427405164
-77.0126099403097
-76.1586620106576
-75.3077053243026
-74.6803870427218
-74.2172378619521
-73.6697216156311
-73.0391214147804
-72.7207666251311
-72.661781458473
-72.8845534191805
-73.4204883552938
-70.812136087674
-68.9790040304755
-67.0962015399962
-64.8933581148941
-63.2561913623252
-62.3245189340443
-62.5437839645819
-63.7380515096774
-65.440867112542
-67.1502426793284
-68.5713271144615
-69.5545142071311
-69.9993743697008
-70.0374541838833
-69.8455850479913
-69.4965365966641
-69.0670211510664
-68.5186183427616
-68.0185545453852
-71.538331639104
-73.0312337080662
-75.2289323870852
-77.768101696987
-80.2797677995239
-82.5107877590212
-83.733875898371
-83.8948767657072
-83.313080403255
-82.4249142126269
-81.5690152784515
-80.9408054507666
-80.4656192966506
-79.8966937315303
-79.2403798253861
-78.8968232111307
-78.8169551167325
-79.0244012676739
-79.3894593755468
-76.8356225740143
-75.2038253770223
-73.3477389904875
-71.1976628636365
-69.626451030909
-68.7469944827355
-69.016361508904
-70.2619270260811
-72.0047817201433
-73.7354432348434
-75.1684112333198
-76.1627473435556
-76.6227087624043
-76.6814959599227
-76.513103890722
-76.1787197853885
-75.7635456118798
-75.236209495767
-74.7406029382159
-78.2565100818395
-79.7795131395329
-82.0041737833427
-84.5528960564177
-87.044635802617
-89.2570479113502
-90.4376379133397
-90.5263213374609
-89.8525233769678
-88.8861202683178
-87.9819322482628
-87.3260649012693
-86.8341884908767
-86.253946879756
-85.5926578238099
-85.2681357149309
-85.1922752941503
-85.4125232272434
-85.7349063378835
-83.3282145425541
-81.7649222628695
-79.9075405123857
-77.7638176791909
-76.2002528452503
-75.2973528916057
-75.5362700633147
-76.7739755581372
-78.5217006054041
-80.2633325476232
-81.7148897933604
-82.7305626244236
-83.212939991305
-83.2951573330802
-83.1465714619416
-82.8242523996277
-82.4229601971657
-81.888496828116
-81.4076549161114
-84.9285099047168
-86.4368893928406
-88.6662270877174
-91.2153989588169
-93.6614078829948
-95.8392837392112
-96.972159593006
-96.9788867055925
-96.1973165284174
-95.1367509826133
-94.163021515875
-93.4659073842242
-92.9510193299162
-92.3656392817684
-91.7272389237443
-91.3953768303074
-91.3498005596644
-91.6115528765047
-91.9659411026868
-89.5861031321759
-88.0386706135979
-86.1759313247676
-84.006559308584
-82.4070951547583
-81.4404334234492
-81.6002858851298
-82.7807122155097
-84.4998345174525
-86.2482938310663
-87.7249406417439
-88.764807926416
-89.2631839281388