1.03797497247293
-0.469903212122184
-2.61663389644623
-4.81596743114348
-5.8930618356808
-5.50605104044286
-6.05650221666723
-7.32798441147995
-8.53324127701075
-8.73661841281375
-8.35024937229209
-7.80336928935907
-6.94902787264654
-5.48313807992023
-4.00622830699957
-2.32520323877251
-0.457689466964905
3.10610969025612
6.5105148797599
8.36528972295518
10.0634736851603
11.8036493311256
13.8158742191634
15.4503999292073
15.4133151955965
13.465395480449
10.2843365924275
7.53116608483506
5.0422778778845
3.91407595058721
2.92083913768853
2.45180695710233
2.54450051673062
2.89093073306312
2.96876902985656
3.07419034445141
-2.34401082104931
-6.92927050103272
-11.2584797455747
-14.3596104582074
-16.3452782226191
-18.9385939903331
-21.6777935211105
-23.751941159837
-24.3436433838088
-25.5317439360633
-26.4004859083606
-26.9364761294456
-26.7414027037108
-25.8487988566854
-24.5597327307491
-23.0268407653272
-21.2067376290097
-19.2425084307452
-17.1178490408807
-12.4330329183891
-10.6105311165658
-9.90850804073284
-9.45501161894236
-9.95668195580087
-12.3513898411624
-16.2041840388236
-19.6640669988189
-22.7894518335015
-24.5946430245207
-25.3691323107257
-25.9919347576649
-26.0053762008295
-25.7213196519123
-25.479556513175
-25.2990195543208
-25.4280028942803
-26.1341875474534
-27.8654801298051
-32.5931682433146
-36.8034154640527
-44.504373908779
-50.6350893765005
-53.7213103419371
-60.4326801835137
-62.3061620276887
-63.3245252356854
-62.8590685127535
-63.304568820409
-64.9106613379065
-66.6379350463784
-67.3450758358826
-66.732315004629
-66.1854377996031
-66.0672193502469
-66.1805759045438
-67.9908333293259
-68.9929821544464