11.161167436617738
10.962771556391203
10.764375676164667
10.565979795938132
10.367583915711595
10.16918803548506
9.970792155258524
9.772396275031989
9.574000394805452
9.375604514578917
9.177208634352382
8.978812754125846
8.780416873899311
8.582020993672774
8.38362511344624
8.185229233219705
7.986833352993168
7.788437472766632
7.590041592540096
7.3916457123135615
7.193249832087025
6.99485395186049
6.796458071633954
6.5980621914074185
6.399666311180883
6.201270430954347
6.002874550727811
5.804478670501275
5.6060827902747405
5.407686910048205
5.209291029821669
5.010895149595133
4.8124992693685975
4.614103389142062
4.415707508915526
4.21731162868899
4.0189157484624545
3.8205198682359196
3.622123988009384
3.423728107782848
3.2253322275563123
3.0269363473297766
2.8285404671032417
2.630144586876705
2.43174870665017
2.2333528264236335
2.0349569461970987
1.836561065970562
1.6381651857440271
1.4397693055174923
1.2413734252909556
1.0429775450644208
0.8445816648378841
0.6461857846113492
0.4477899043848126
0.24939402415827772
0.050998143931742845
-0.1473977362947938
-0.3457936165213287
-0.5441894967478653
-0.7425853769744002
-0.9409812572009368
-1.1393771374274717
-1.3377730176540084
-1.5361688978805432
-1.734564778107078
-1.9329606583336147
-2.1313565385601496
-2.3297524187866863
-2.528148299013221
-2.726544179239758
-2.9249400594662927
-3.1233359396928293
-3.321731819919364
-3.520127700145899
-3.718523580372437
-3.7720449635948747
-3.8037587479514468
-3.82309756279383
-3.837927387569459
-3.8527303558839936
-3.86315948827205
-3.8661357466434185
-3.8617610736562407
-3.8671394507128816
-3.9050303162725895
-3.96141626646586
-4.035077041494868
-4.125999240342473
-4.23812570144406
-4.36953815922039
-4.516363340389599
-4.676410002265735
-4.856283338017037
-5.049820386446956
-5.25900468139537
-5.487305355330682
-5.7351761919392805
-6.005847285098116
-6.2924013286523754
-6.582380459287354
-6.886614658116815
-7.20987526202359
-7.540378473796721
-7.8666604806930085
-8.179582226193945
-8.475080701414052
-8.75485369904443
-9.023233234066517
-9.281381413716428
-9.529233106274926
-9.753531949563634
-9.95224495686599
-10.127383121399303
-10.276367701516753
-10.39153337880464
-10.495651504289105
-10.590916241932451
-10.676419840919905
-10.76445205460159
-10.865212507810977
-10.978829727647993
-11.099206505627496
-11.217643667925845
-11.327014225343744
-11.428892094800473
-11.551415785760561
-11.686331585053548
-11.822514262507275
-11.9557210931561
-12.090646455102597
-12.208968086294766
-12.326687928557291
-12.457001887619214
-12.598064077128374
-12.737591250615983
-12.86254160366151
-12.9661699585364
-13.050656579651603
-13.123538048641825
-13.190969701713875
-13.254137594617925
-13.315664707014573
-13.371320023900287
-13.394121054342751
-13.401267331577607
-13.388002665331042
-13.38522969108442
-13.372676562448868
-13.35727979446634
-13.348197170307516
-13.359414278936557
-13.397460028874907
-13.448260610979867
-13.496962930653568
-13.536135746021799
-13.570119805218585
-13.607471705943682
-13.669718180305928
-13.750832296884166
-13.838070699966469
-13.930975015458996
-14.010932847074015
-14.09521704635783
-14.20304373786463
-14.331841636065946
-14.472901066152907
-14.610334454246628
-14.731896125072169
-14.837528217810664
-14.933693713339665
-15.025475135352046
-15.114858551470363
-15.201508170527259
-15.262935449063392
-15.293848533455723
-15.303561565233327
-15.285105008446358
-15.266071021354357
-15.230940383128228
-15.186787221391322
-15.145774629486068
-15.119469082030454
-15.10978675781509
-15.109489043336795
-15.106982504954912
-15.093955085714738
-15.072512351307303
-15.044953227869577
-15.039030286502863
-15.042969289962528
-15.050347129683118
-15.037840589235904
-15.023087231396582
-15.01999455552937
-15.039214875210613
-15.076533508655142
-15.119683125830829
-15.156182701729241
-15.182041022148539
-15.199877114451182
-15.216150860752569
-15.234771346862036
-15.255860866658198
-15.278440561994973
-15.288143571628211
-15.27500066548454
-15.2624985590566
-15.263827658198974
-15.25973466262883
-15.251833167563104
-15.243448484862075
-15.244615627867985
-15.263381051140927
-15.299242338495466
-15.338542342060443
-15.370222349792103
-15.394918721724455
-15.417610830772528
-15.444250464234193
-15.498193257016476
-15.562992822241558
-15.63254745942139
-15.681388577797897
-15.736111469706886
-15.810931017849521
-15.910303366438795
-16.022467879729618
-16.12873578219002
-16.216960391107705
-16.28817963093446
-16.35282075914624
-16.414663913027827
-16.474392068865455
-16.53121996908022
-16.570445013022862
-16.57392762411145
-16.55533909155387
-16.520148983791074
-16.487783319520283
-16.44090291931926
-16.38811977235905
-16.338202685602933
-16.30300589677991
-16.282576049540275
-16.268694058182252
-16.24873620783651
-16.216358120651936
-16.17639722993908
-16.132152295838306
-16.09447069027312
-16.078037323048218
-16.065719942843963
-16.024487158148187
-15.976814598619331
-15.938552067645636
-15.91487608611751
-15.904117712263947
-15.89497364031082
-15.875848659276333
-15.846003404417914
-15.81232947071989
-15.778584953477285
-15.747397263750084
-15.717825765783532
-15.68759416406465
-15.66308389368852
-15.617964610489706
-15.55418467339849
-15.514404009766052
-15.479841504653608
-15.446830074686805
-15.415450123061616
-15.39294378930757
-15.381834324154974
-15.384396140912182
-15.390823177520186
-15.389888922902141
-15.3842792796161
-15.377551021443354
-15.369716222485522
-15.362396866995647
-15.379676623312802
-15.412496486545955
-15.429277116788825
-15.444592671212035
-15.474017076598845
-15.528361414059036
-15.606486945180277
-15.694064332466874
-15.775338741806305
-15.844477532198342
-15.906311906213508
-15.963810652106602
-16.019769667151976
-16.075389546777707
-16.128394612828075
-16.17940831432259
-16.19525488414247
-16.18703402726719
-16.173590114588183
-16.15617162974981
-16.119503247404282
-16.071098476596852
-16.02501026614072
-15.990508258158025
-15.967634353710157
-15.948902790318897
-15.921265492311433
-15.883413180488024
-15.841208793694872
-15.796122657095895
-15.748553884373143
-15.725686552436034
-15.714916551817545
-15.67887216124088
-15.634977587481025
-15.59683060903539
-15.570642175634166
-15.55937642949192
-15.552939421396994
-15.53833196486219
-15.513622200695469
-15.482628658498598
-15.451304318683482
-15.42266419546669
-15.39783072195487
-15.376190027470038
-15.360323916521226
-15.320425870300898
-15.278760902897671
-15.254320949992486
-15.226109927353207
-15.195910731086093
-15.16800383592028
-15.150698858702082
-15.148041401685916
-15.161459670191723
-15.17922203271878
-15.190830963444286
-15.196936337094996
-15.201033472663186
-15.20414472099204
-15.229468082185214
-15.26892438448487
-15.305123410878362
-15.326442112001653
-15.350964426436242
-15.393460393204755
-15.453912540638292
-15.528243532331365
-15.604487488212076
-15.670969367918422
-15.726182367710596
-15.774399324914068
-15.820090938487553
-15.86604003662196
-15.911243602560521
-15.944297158446576
-15.945756769579674
-15.931353612187182
-15.908118919112251
-15.88959094793284
-15.858261533827882
-15.819175191686462
-15.78127607651684
-15.757535886426709
-15.752648248702759
-15.760534758076858
-15.766696899042586
-15.762670318097799
-15.751567559231482
-15.737536642484917
-15.721479036939593
-15.733223656144462
-15.754840292013235
-15.763978596849713
-15.76193963484341
-15.766544721233442
-15.791968190337192
-15.838703053911138
-15.890718126482652
-15.930814738364646
-15.958724766635422
-15.979274505410379
-15.99735688564372
-16.017336038706787
-16.039881447102008
-16.064812096975743
-16.08153739458909
-16.071032931286304
-16.047234131218353
-16.035529395106217
-16.01847105569271
-15.994349643602648
-15.969125591603998
-15.95223468345964
-15.95384408088098
-15.975603035401587
-16.003113663211316
-16.024153787992944
-16.03577596078761
-16.044456951861417
-16.05737876667055
-16.097483695490826
-16.150457334592947
-16.193282692657945
-16.223399861489188
-16.258844205573492
-16.313043600341558
-16.38588475794208
-16.466911454553458
-16.539569075826048
-16.596314536548192
-16.63919648776307
-16.674417840024553
-16.707153118541427
-16.7372844868221
-16.766580920354247
-16.792975928923234
-16.783818987026333
-16.75330981495622
-16.711469408918468
-16.680493430670733
-16.636450153406045
-16.587928796973085
-16.542738434397773
-16.512381398892657
-16.49594062090862
-16.483631909972257
-16.463191690210614
-16.432603401024274
-16.399472579961994
-16.364756160581404
-16.326958849310593
-16.312494175626814
-16.310466311110485
-16.297487931307977
-16.269982464644638
-16.246275767025704
-16.241910328462637
-16.259141715419172
-16.28627452594673
-16.307501084991763
-16.317120109720378
-16.318771385797067
-16.31769269189418
-16.31719898898866
-16.318921682061415
-16.322133881865632
-16.33151588377505
-16.326322474088823
-16.300788198087623
-16.26741101526029
-16.251290915351724
-16.227689521388363
-16.201647007648173
-16.181796928744493
-16.17421342606571
-16.18435594443293
-16.205702042580533
-16.223263630015932
-16.230112566862548
-16.231304181296572
-16.230510853350697
-16.230190952437386
-16.25558254124843
-16.296513804135362
-16.324816028815267
-16.342931412042375
-16.3703259275344
-16.418501469973133
-16.48727079603367
-16.56452097250839
-16.634354254481813
-16.690929425722782
-16.737324143850607
-16.77936368196181
-16.820057708955606
-16.86164329234413
-16.902258337427295
-16.930114245709866
-16.92485871109822
-16.900271363522922
-16.87754504833926
-16.857498463777052
-16.830014522328362
-16.80033712425293
-16.775396319522528
-16.765231984359822
-16.770389909458824
-16.780738861606558
-16.78393981780757
-16.775962089845635
-16.7604301036805
-16.73846838537191
-16.726506744380607
-16.734738577650965
-16.743170191455775
-16.72790534166227
-16.71095037404659
-16.708886521592778
-16.725951489105324
-16.761503489380758
-16.807108716753728
-16.850421396570447
-16.888244114076624
-16.92228435788286
-16.956848965702488
-16.99454787164074
-17.033137532826505
-17.073393172666414
-17.10149059324235
-17.105590049180535
-17.119630434727956
-17.142859197577867
-17.16258725143216
-17.176005571882975
-17.18639284887046
-17.203442265075978
-17.236841211105865
-17.28837061223807
-17.344018859610156
-17.391535430671755
-17.43285885496132
-17.454849154920645
-17.47683945487996
-17.49882975483928
-17.520820054798598
-17.542810354757915
-17.564800654717235
-17.58679095467655
-17.608781254635872
-17.63077155459519
-17.652761854554505
-17.674752154513826
-17.696742454473142
-17.71873275443246
-17.74072305439178
-17.762713354351096
-17.784703654310412
-17.806693954269733
-17.82868425422905
-17.850674554188366
-17.872664854147686
-17.894655154107003
-17.916645454066323
-17.93863575402564
-17.960626053984956
-17.982616353944277
-18.004606653903593
-18.026596953862914
-18.04858725382223
-18.070577553781547
-18.092567853740867
-18.114558153700184
-18.1365484536595
-18.15853875361882
-18.180529053578137
-18.202519353537454
-18.224509653496774
-18.24649995345609
-18.268490253415408
-18.290480553374728
-18.312470853334045
-18.334461153293365
-18.35645145325268
-18.378441753211998
-18.40043205317132
-18.422422353130635
-18.44441265308995
-18.466402953049272
-18.48839325300859
-18.51038355296791
-18.532373852927225
-18.554364152886542
-18.576354452845862
-18.59834475280518
-18.620335052764496
-18.642325352723816
-18.664315652683133
-18.68630595264245
-18.70829625260177
-18.730286552561086
-18.752276852520406
-18.774267152479723
-18.79625745243904
-18.81824775239836
-18.840238052357677
-18.862228352316993
-18.884218652276314
-18.90620895223563
-18.92819925219495
-18.950189552154267
-18.972179852113584
-18.994170152072904
-19.01616045203222
-19.038150751991537
-19.060141051950858
-19.082131351910174
