13.506255231565447
13.568519345123503
13.63078345868156
13.693047572239616
13.755311685797672
13.817575799355728
13.879839912913784
13.94210402647184
14.004368140029896
14.066632253587953
14.128896367146009
14.191160480704065
14.253424594262121
14.315688707820179
14.377952821378235
14.440216934936291
14.502481048494348
14.564745162052404
14.62700927561046
14.689273389168516
14.751537502726572
14.813801616284628
14.876065729842685
14.93832984340074
15.000593956958797
15.062858070516853
15.12512218407491
15.187386297632965
15.249650411191022
15.311914524749078
15.374178638307134
15.43644275186519
15.498706865423246
15.560970978981302
15.623235092539359
15.685499206097415
15.747763319655473
15.810027433213527
15.872291546771585
15.93455566032964
15.996819773887697
16.05908388744575
16.12134800100381
16.183612114561864
16.245876228119922
16.308140341677976
16.370404455236034
16.43266856879409
16.494932682352147
16.5571967959102
16.61946090946826
16.681725023026317
16.74398913658437
16.806253250142426
16.868517363700484
16.93078147725854
16.993045590816596
17.055309704374654
17.11757381793271
17.179837931490766
17.24210204504882
17.30436615860688
17.366630272164933
17.42889438572299
17.491158499281045
17.553422612839103
17.615686726397158
17.677950839955216
17.74021495351327
17.802479067071328
17.864743180629382
17.92700729418744
17.9892714077455
18.051535521303553
18.113799634861607
18.176063748419672
18.315242494810835
18.43834088550118
18.54550346546927
18.64189938173485
18.723399143890976
18.788601431539433
18.839604353596336
18.878669475152144
18.909067488750793
18.932519456005856
18.950597781695162
18.966421454616516
18.98152460112541
18.99984246590486
19.024970949374186
19.056633876190396
19.06928257718898
19.069103525000113
19.079892184201636
19.088202649055308
19.097529281002036
19.111865134570827
19.121733283411164
19.128583977432598
19.13141654606174
19.12979047278977
19.12406439277191
19.116034191976034
19.106456586060695
19.09503047282798
19.081821144383067
19.063848477403297
19.04204820641322
19.020947307123407
19.000020346223742
18.977206800513276
18.973576468713475
18.962788218046235
18.952220282950016
18.929871161757262
18.896233757843913
18.861152901374876
18.8235290109907
18.782960217694523
18.74125246097173
18.698200066960798
18.65390008379232
18.60769775869734
18.5585518146276
18.508188556712142
18.45720463419039
18.40728215532374
18.35984191549218
18.314144361298617
18.258039965098327
18.192940139855377
18.142014164544147
18.08839671874715
18.03614354890301
17.99199543736616
17.946233801874463
17.900663683057537
17.85476884582556
17.808392853744635
17.761988437955097
17.71794130205768
17.676294632634526
17.63606108091175
17.595517056325356
17.551013083968066
17.504149449596813
17.458804756904257
17.414988098310943
17.37533079721739
17.35716390837449
17.330348735161436
17.307238360171333
17.279648180868964
17.245049540401443
17.213288332690972
17.182620702718648
17.15176327156676
17.121384718186526
17.090746201113966
17.0592675973802
17.025749414885844
16.988480312258545
16.94896040034017
16.907641741425575
16.866423466296016
16.826672493896535
16.78758259293245
16.734215484786613
16.667570222770117
16.615117030878302
16.560706885745315
16.509110274987584
16.46659553057361
16.42291874459546
16.379722563084783
16.336269142461767
16.29213591250031
16.247646756548537
16.205153186870763
16.16469994082561
16.125342805899063
16.0854000205545
16.04167463656537
15.995254525355644
15.950193269961606
15.906634164631297
15.867249329055971
15.84929095471403
15.822605272813021
15.799503837914015
15.771722763653973
15.73684218068423
15.704835089325112
15.673955830233814
15.642953415383625
15.612493943732828
15.581824818508812
15.550359061510669
15.516852963024586
15.47957920895639
15.440014166813173
15.398620941349417
15.357286822788332
15.317293430022987
15.278046121464536
15.224523233981516
15.157551531693848
15.104722939480801
15.049586163639761
14.997135007099757
14.953581841381087
14.90870724737085
14.864163527713178
14.81920275207879
14.773427341295571
14.727229582261282
14.683001457181808
14.640832996007541
14.59983889134999
14.558388862518836
14.51331973639274
14.465903139431758
14.420100770562934
14.375947632186879
14.335905499506728
14.317663086924153
14.290234273869801
14.266175777830863
14.237148691946283
14.200538629784024
14.166283747553393
14.132648753666718
14.098469680724957
14.064520822468058
14.030197576574816
13.995102707377649
13.958153496903055
13.91770994149369
13.875286242834706
13.83140907686829
13.78796391212366
13.746091133595073
13.705365754553384
13.650922271826426
13.583472096289048
13.530198274755278
13.474879084967434
13.422606007313817
13.379521408720333
13.33551791465718
13.292118077222973
13.248510801362551
13.204187196197958
13.159489507590568
13.116759366373484
13.076025106426705
13.036337837001165
12.99600617538184
12.951794909058304
12.904903237918317
12.859376860437223
12.815359687347454
12.77535302976231
12.757008536998583
12.729526425277536
12.705532000815774
12.676762805559655
12.640692811315992
12.607226665685857
12.574611004892402
12.541636487227569
12.508991996909144
12.475974829031863
12.442097486840524
12.406213787829419
12.366629406678763
12.32484660673627
12.28138820336455
12.238122212204319
12.196335552356947
12.155400359864348
12.100430615097382
12.032237780496411
11.978099271536962
11.921993094635166
11.868792828644054
11.82479509711783
11.779783109535506
11.735289809295317
11.690557577918117
11.645070662171262
11.599196342369869
11.555284102760822
11.513353996551198
11.472480015865775
11.43096598779753
11.385636898403503
11.33779366526759
11.29133833484
11.246327909786864
11.205391156773707
11.185775298290878
11.15736249273242
11.13254664149081
11.103145786488213
11.066775259307034
11.033343406064528
11.001105608704888
10.968817923420586
10.937090250316539
10.90512362876296
10.872292116225431
10.837333021748538
10.798492956553089
10.757251957906547
10.714078935109901
10.67084261185546
10.628866915811235
10.587479922223823
10.5316402415478
10.462423300267087
10.407147239960512
10.349705633534724
10.296475141781642
10.252778048642325
10.208603632352219
10.165051868458935
10.121529690693642
10.077704013360957
10.033769784430946
9.991854366037792
9.951851540292145
9.912683695348315
9.872489194426278
9.828079946855892
9.780739920922034
9.734135246364861
9.688281976248659
9.64596399052002
9.624775178421961
9.594485001150154
9.56795683739389
9.5367181735392
9.498291706695035
9.462638469072608
9.42801861145843
9.393217125347572
9.358908559332145
9.324335410310407
9.288937755343937
9.251462005941528
9.210176991226593
9.166576468041578
9.121150055956463
9.07574275170534
9.031621541001504
8.98825075763624
8.930575288579151
8.859658545947521
8.802603922505694
8.743414385508148
8.68724783038085
8.640026192868174
8.591868034652995
8.544231504592174
8.496383753045935
8.447896430169035
8.39913148921835
8.352411194302965
8.307728496644893
8.264130283398048
8.219877406299927
8.171739992279589
8.120872593142764
8.07130576223886
8.02315171187552
7.979099240181889
7.95640795192617
7.924994825737693
7.897211734163446
7.864933238976808
7.825667210151635
7.789205659780629
7.7538021613001336
7.718251032976869
7.683173937513519
7.647795628802838
7.61152450774176
7.5731447322273935
7.530919659238636
7.486353460028815
7.439927785647628
7.39351165215588
7.3484369798851175
7.303978591463392
7.245139266832153
7.173095729257261
7.114974327721321
7.054750260046848
6.997549656177948
6.949388075803672
6.900476561102362
6.852225394175443
6.803893716180369
6.755046185067302
6.705987142486293
6.659007518726049
6.614080426367666
6.570257959760018
6.52575648406566
6.477499569985548
6.426512889794854
6.376708331140618
6.328145962263167
6.283657827508242
6.260307702070645
6.228153354817698
6.199595438211766
6.166551542645053
6.126540439449039
6.089312403960905
6.053140231265558
6.01683667238648
5.981010610410286
5.944869836439923
5.907825820038223
5.868651532670479
5.825605918300676
5.780175577729124
5.732870971311731
5.685510857861936
5.639460599282844
5.594048490076488
5.534299140536005
5.461272549001267
5.402095512663966
5.340856657412736
5.282598761449395
5.233386428038193
5.183460139758756
5.1341776190146895
5.08482861457138
5.034955418582426
4.984888034291647
4.936913231179184
4.890982556747862
4.846142002568598
4.800600109623683
4.751098036848124
4.6989875097100064
4.6481487790906835
4.598583690328765
4.553047898671692
4.528686038123902
4.495561708669806
4.466001069499184
4.4318330325902
4.390564684586641
4.351923217844345
4.314183636910277
4.276189330416226
4.238590351999598
4.200652988677052
4.1618449757971225
4.1209525336849815
4.076254768512522
4.029254650884462
3.9804666226620276
3.9317088822741595
3.8842916471664366
3.83771155969019
3.77683005967021
3.702762900072687
3.6425877148563672
3.57877640802753
3.5173382439059275
3.4641654006742426
3.4100670393972425
3.356265961194512
3.301934377302357
3.2468286972242084
3.191517580697841
3.1384292794724713
3.087696459422439
3.038540779863006
2.9893146005986884
2.936692153745134
2.8821518077526407
2.829570314076062
2.7788701817346797
2.7323717649512287
2.7073254286952286
2.6733466348485715
2.64292848868732
2.6080266044715414
2.5660815929808116
2.5268225417841754
2.4885348118820745
2.4500646679316604
2.4120572234732682
2.3737647876046792
2.3346451841188673
2.2934529617737573
2.2484455782224466
2.2011043078948433
2.1519515276300005
2.102799987401442
2.054931355913939
2.007942229219255
1.9464878162846908
1.8717592601798596
1.8109492685904962
1.7476781745784302
1.687202260434476
1.6355053308115661
1.5830619322179358
1.5312251728696338
1.4792615134092768
1.4267589337503201
1.3740683670190317
1.323497646065073
1.2750305254095404
1.2277609664481328
1.1799283104357448
1.1302524720661955
1.080576633696646
1.0309007953270966
0.9812249569575471
0.9315491185879976
0.8818732802184481
0.8321974418488987
0.7825216034793492
0.7328457651097997
0.6831699267402502
0.6334940883707008
0.5838182500011513
0.5341424116316009
0.48446657326205145
0.434790734892502
0.3851148965229525
0.335439058153403
0.28576321978385355
0.23608738141430408
0.1864115430447546
0.13673570467520513
0.08705986630565565
0.03738402793610618
-0.012291810433443295
-0.06196764880299277
-0.11164348717254224
-0.16131932554209172
-0.2109951639116412
-0.26067100228119067
-0.31034684065074103
-0.3600226790202905
-0.40969851738984
-0.45937435575938945
-0.5090501941289389
-0.5587260324984884
-0.6084018708680379
-0.6580777092375873
-0.7077535476071368
-0.7574293859766863
-0.8071052243462358
-0.8567810627157852
-0.9064569010853347
-0.9561327394548842
-1.0058085778244337
-1.055484416193984
-1.1051602545635335
-1.154836092933083
-1.2045119313026325
-1.254187769672182
-1.3038636080417314
-1.3535394464112809
-1.4032152847808304
-1.4528911231503798
-1.5025669615199293
-1.5522427998894788
-1.6019186382590282
-1.6515944766285777
-1.7012703149981272
-1.7509461533676767
-1.8006219917372261
-1.8502978301067756
-1.899973668476326
-1.9496495068458755
-1.999325345215425
-2.0490011835849744
-2.098677021954524
-2.1483528603240734
-2.198028698693623
-2.2477045370631723
-2.2973803754327218
-2.3470562138022713
-2.3967320521718207
-2.44640789054137
-2.4960837289109197
-2.545759567280469
