9.027381249442648
8.915420482056748
8.803459714670847
8.691498947284947
8.579538179899046
8.467577412513146
8.355616645127245
8.243655877741345
8.131695110355444
8.019734342969544
7.907773575583643
7.795812808197742
7.683852040811842
7.571891273425941
7.459930506040041
7.3479697386541405
7.23600897126824
7.12404820388234
7.012087436496438
6.900126669110538
6.788165901724637
6.676205134338737
6.5642443669528365
6.452283599566936
6.340322832181036
6.228362064795135
6.116401297409235
6.004440530023334
5.892479762637434
5.7805189952515335
5.668558227865633
5.556597460479733
5.444636693093832
5.332675925707932
5.220715158322031
5.108754390936131
4.9967936235502295
4.884832856164329
4.772872088778429
4.660911321392528
4.548950554006628
4.436989786620727
4.325029019234827
4.213068251848926
4.101107484463026
3.9891467170771246
3.877185949691224
3.7652251823053238
3.6532644149194233
3.541303647533523
3.4293428801476225
3.317382112761722
3.2054213453758216
3.093460577989921
2.9814998106040207
2.8695390432181203
2.75757827583222
2.6456175084463194
2.533656741060418
2.4216959736745176
2.309735206288617
2.1977744389027167
2.0858136715168163
1.9738529041309159
1.8618921367450154
1.749931369359115
1.6379706019732145
1.526009834587314
1.4140490672014137
1.3020882998155132
1.1901275324296128
1.0781667650437115
0.966205997657811
0.8542452302719106
0.7422844628860101
0.6303236955001076
0.5616298583225121
0.5030835596727286
0.44633538158557773
0.39346801090067324
0.3405762604916459
0.28210185656078485
0.2148963780373635
0.1360030970681646
0.044113530402516865
-0.06156082257429535
-0.1789213243440144
-0.2899893913219095
-0.3878534374785936
-0.48132163964805974
-0.5745955120140367
-0.6715986621436922
-0.7712669374049288
-0.8839670669077118
-0.9913221624335781
-1.08825285299639
-1.1770223435066427
-1.263357663682486
-1.3488186935617075
-1.4338573124160205
-1.5222230023670713
-1.614415254001021
-1.7093990534913215
-1.8073925531190314
-1.9059009196664671
-2.028136387485684
-2.1659796734989185
-2.315397114100946
-2.474504824944441
-2.6403895093147685
-2.814168331533392
-2.9937038402109613
-3.1602931740319917
-3.3205359167040993
-3.471889981791543
-3.605898336706619
-3.720655118896562
-3.8188550203859997
-3.904713398128404
-3.984222553175982
-4.06145415450753
-4.138341326402354
-4.215248123351194
-4.276921654140082
-4.322658316045628
-4.356696364883151
-4.38316183785041
-4.405746295570828
-4.422469001726425
-4.427528165607166
-4.434376132156754
-4.4353973795513
-4.425160268874746
-4.402009024960065
-4.369613360867516
-4.334812294289663
-4.306314466689504
-4.287421697199037
-4.279065539211603
-4.2803573303285685
-4.294816316702225
-4.33666470723857
-4.398148578616651
-4.4781746103033475
-4.571598643617805
-4.675657662573145
-4.790570753580824
-4.9160081779744305
-5.03754857916984
-5.148063526794053
-5.247082858253263
-5.334277699320525
-5.404999422018169
-5.461924593746794
-5.507591777008533
-5.546982729204815
-5.583072168006794
-5.618454195836126
-5.649988091176014
-5.664081095900518
-5.66308570807398
-5.650442722244923
-5.628647484542952
-5.597730109744955
-5.554935177350247
-5.496464905960031
-5.427193230039891
-5.358053929894882
-5.2849705921452665
-5.206987427905196
-5.122022168803778
-5.03241368317927
-4.947771770004746
-4.876011056352663
-4.820960680493836
-4.784036171958371
-4.77739398460789
-4.799108105286939
-4.846161577486114
-4.91494572482174
-5.003449065691235
-5.107945475702392
-5.227319279217746
-5.358237399846305
-5.484128590900049
-5.593945227161437
-5.68924133441366
-5.7702052886523925
-5.839941849143307
-5.901364778106848
-5.951599921718562
-5.994565866625561
-6.03181821912489
-6.065068569199805
-6.0871606485198
-6.097577472975291
-6.096896808962241
-6.0875533910426665
-6.0674368020974505
-6.039582625617587
-5.999960430761846
-5.943582657012242
-5.8718529958193955
-5.811852345948315
-5.745760993131562
-5.681217842736969
-5.613263857278098
-5.544457171560133
-5.4826014610320595
-5.433956330280291
-5.403379452244482
-5.3984674557386985
-5.425631308551659
-5.475777546848646
-5.547877314610963
-5.638435961873358
-5.746067364333074
-5.868576791374652
-6.004871491265119
-6.1512676893181375
-6.281877438001024
-6.398291136986104
-6.501395166437249
-6.590753576440842
-6.670033925781805
-6.739907546125447
-6.79910654178165
-6.847351652027605
-6.889166926507788
-6.927199765947021
-6.9591827112656155
-6.979462563700061
-6.991422884853557
-6.992183429173208
-6.981951941829935
-6.963288514473526
-6.935367033533575
-6.8931121682016565
-6.84495905133137
-6.798909106995565
-6.750022988062966
-6.70115739539404
-6.651423649297942
-6.602799027098416
-6.561338854171119
-6.531934293144619
-6.517069962597972
-6.518698210978715
-6.544590673860206
-6.601319021178013
-6.683365677756467
-6.785495336965716
-6.904711640218907
-7.03743346826617
-7.181253613485212
-7.33391718554032
-7.46699317675958
-7.58543789060454
-7.68934967171101
-7.77738945239955
-7.852400046475639
-7.917344847161275
-7.971009643734991
-8.012249866111823
-8.043678283510545
-8.06695401666918
-8.085830609095625
-8.090909235186436
-8.089659670602492
-8.080926558245393
-8.061380634520654
-8.033478820355514
-7.996318820289783
-7.946841527243847
-7.896857095744577
-7.844781635294453
-7.787532212474912
-7.727182255657243
-7.665433022252653
-7.606182080707912
-7.554876813763975
-7.515041670392242
-7.488556247615385
-7.475760969841794
-7.483724508073374
-7.516356878990277
-7.569407226496612
-7.638839311073661
-7.722915705533082
-7.819241343711244
-7.925317693516861
-8.034984148510665
-8.131060980068705
-8.216240435361755
-8.288083367874147
-8.347040525072243
-8.393642034691256
-8.428129485207883
-8.452891813125245
-8.469937076262964
-8.480754885811939
-8.487604931033438
-8.491354453861447
-8.481107592191663
-8.45965866092307
-8.427820189181707
-8.387353648284362
-8.337325842412364
-8.281188685542386
-8.219327367390578
-8.162603166487765
-8.106186638393721
-8.04552875100595
-7.981811537424083
-7.919829240392258
-7.864997441929876
-7.820456826148408
-7.7851247624991595
-7.7589112598983245
-7.74083116750659
-7.728738925511562
-7.736071984264585
-7.76722054064398
-7.817541671766597
-7.883249257476615
-7.960583017354088
-8.046196818708806
-8.123072096578392
-8.192437360895866
-8.25721678393458
-8.312029730882584
-8.351067512441022
-8.3723376551743
-8.374844884766409
-8.363242025197838
-8.346859283289833
-8.328238221570889
-8.310657173771206
-8.294222413402192
-8.275030579534157
-8.24501829384548
-8.193211994579503
-8.128896454084474
-8.058815864064961
-7.986236062374629
-7.920859752833244
-7.861609290099488
-7.80161648578062
-7.733161118323034
-7.658165358217367
-7.5785075148856595
-7.503692853444921
-7.441275080756949
-7.390057283571791
-7.345510026280617
-7.303511746608283
-7.262524508086055
-7.224965293057382
-7.203209517737263
-7.20740405087358
-7.23014777188994
-7.266370789028769
-7.3049945450503495
-7.332554953468846
-7.357308697840638
-7.382949910013063
-7.410707206049332
-7.435680458190808
-7.449187020376368
-7.44312872540378
-7.419470256576074
-7.386747359573735
-7.354873475713566
-7.32603619912703
-7.298794300151992
-7.269683663154806
-7.233676188075692
-7.187468319740931
-7.120980939217557
-7.042235679558404
-6.961242163060752
-6.884834475116189
-6.81507965188839
-6.745375603453468
-6.673841192270262
-6.5973452703549516
-6.5149833752060715
-6.4299415086481835
-6.351599049013832
-6.28475883847093
-6.229580797809983
-6.181699035499489
-6.133418431112922
-6.084865161320163
-6.038928677033077
-5.9992598143891565
-5.980286156620225
-5.983905242656615
-6.000560992057076
-6.014164662427432
-6.014643311722559
-6.007906658018949
-5.999609072865954
-5.993923945312523
-5.991403744116169
-5.985105471326018
-5.967873789481735
-5.939015794678684
-5.903065749698109
-5.8672724019690605
-5.83889811894657
-5.813984762716686
-5.784712921005837
-5.749934841454708
-5.710129929615598
-5.662850547802728
-5.601988547402356
-5.5364285249851095
-5.4815417160387865
-5.428338739218889
-5.371724455391982
-5.313651209056099
-5.251226384649076
-5.185327009336432
-5.120395695218672
-5.061004976811764
-5.010904148875726
-4.9712319202456445
-4.937977111598799
-4.907617692759627
-4.877128966360979
-4.849014456079815
-4.824645014959142
-4.807157788397595
-4.804567470577839
-4.81105579584145
-4.815685638202296
-4.819358915741351
-4.823345411228472
-4.829045773667459
-4.837607166463682
-4.850203028270767
-4.862561212105826
-4.8698219826459335
-4.870060903720291
-4.865665672748398
-4.860060751628573
-4.859045626174983
-4.858714148584937
-4.8554028070890345
-4.84692336163467
-4.832842591815565
-4.812439553505322
-4.7781146783716775
-4.745704508201587
-4.7193599839792615
-4.692286727806935
-4.663539527912065
-4.634911193751049
-4.603625645717284
-4.570042256487565
-4.536322392764162
-4.503785579044707
-4.473817968647098
-4.446256863462535
-4.419552401929549
-4.392809497438577
-4.364470464241108
-4.337078078157819
-4.311058509412225
-4.287222033103223
-4.274297006792587
-4.26606319206354
-4.252379959618195
-4.235883430871112
-4.218491551641361
-4.201280086791408
-4.186964416933844
-4.176767174636935
-4.168265973959073
-4.157052956558739
-4.141295673820663
-4.122455401135126
-4.103253411170045
-4.085956937777905
-4.0719605487487724
-4.0573379743877656
-4.041591227958998
-4.023978688208919
-4.004066988497196
-3.9814000801355087
-3.9480501394567478
-3.920494235766974
-3.8969425386990038
-3.87179322738075
-3.8457317623584912
-3.8196458087549465
-3.792232335192655
-3.7654257731681873
-3.740204530139076
-3.717956446514126
-3.69885739042711
-3.6820276711261504
-3.66608384747779
-3.650140861740989
-3.634203315437631
-3.619718410823541
-3.6065884745061605
-3.5971096955685513
-3.590895817408332
-3.585920075342904
-3.5831632818421917
-3.5810770067053594
-3.5784065845251924
-3.5762594290486476
-3.575483925037516
-3.5770847845848137
-3.5800334440613115
-3.5828506710301795
-3.585067050173791
-3.5870984782571727
-3.5890900786674296
-3.5913742196074256
-3.593650568115207
-3.5957757911623074
-3.601473196890721
-3.607170602619136
-3.612868008347551
-3.618565414075966
-3.624262819804381
-3.629960225532796
-3.6356576312612114
-3.6413550369896264
-3.6470524427180413
-3.6527498484464567
-3.6584472541748716
-3.664144659903287
-3.669842065631702
-3.675539471360117
-3.681236877088532
-3.686934282816947
-3.6926316885453625
-3.6983290942737774
-3.7040265000021924
-3.7097239057306073
-3.7154213114590227
-3.721118717187438
-3.726816122915853
-3.732513528644268
-3.738210934372683
-3.743908340101098
-3.749605745829513
-3.7553031515579285
-3.7610005572863434
-3.7666979630147583
-3.7723953687431737
-3.7780927744715886
-3.783790180200004
-3.789487585928419
-3.795184991656834
-3.800882397385249
-3.806579803113664
-3.8122772088420795
-3.8179746145704945
-3.8236720202989094
-3.8293694260273243
-3.8350668317557397
-3.8407642374841546
-3.84646164321257
-3.852159048940985
-3.8578564546694
-3.8635538603978152
-3.86925126612623
-3.8749486718546455
-3.8806460775830605
-3.8863434833114754
-3.8920408890398903
-3.8977382947683057
-3.903435700496721
-3.909133106225136
-3.914830511953551
-3.920527917681966
-3.926225323410381
-3.931922729138796
-3.9376201348672115
-3.9433175405956264
-3.9490149463240414
-3.9547123520524567
-3.9604097577808717
-3.966107163509287
-3.971804569237702
-3.977501974966117
-3.983199380694532
-3.988896786422947
-3.9945941921513626
-4.0002915978797775
-4.005989003608192
-4.011686409336607
-4.017383815065022
-4.023081220793438
