0.110362841449938
-1.52354316380439
-2.88248077499178
-3.64848849707762
-3.37500112656875
-2.21991788491817
-0.751480827002963
0.664759411302073
1.91891703585918
3.1423736349599
4.54873331534977
6.07204747817474
7.37871748848884
8.25314224442567
8.35915830228075
7.82900501655682
7.10330341678477
10.7053039703129
13.2792393701075
16.0356287394291
18.6464040303285
20.4422830499325
21.6753446658074
21.6406353852325
20.7920134186103
19.9449843666765
19.3295385224403
18.8621435021354
18.4930598079494
18.2282866652245
17.922588063339
18.0885659346585
18.1226040268393
17.9693224485755
17.6232825053794
16.9474829717204
13.5248076029667
10.4007241216802
6.82532309443369
3.47135571784349
0.877347705863848
-0.960026987566367
-1.71919832535092
-1.59640893960127
-1.18533085320733
-0.838465240877608
-0.637957126567467
-0.47867762857438
-0.115500603878255
0.613510527994505
1.53424602535707
2.44107773825628
3.01056666785375
3.22282208549418
3.28674154406125
6.66473563797649
8.68515222090215
11.4988092520812
14.5155705714833
16.7090316198944
17.8866911231413
17.9602792064772
17.4362090345339
16.7148310320296
15.9818106055374
15.174162728311
14.3500886926296
13.5858618181342
12.8981887830698
12.7738703941652
12.7118296854761
12.622215645459
12.4300293627591
12.0290906193653
7.45173073991472
4.1352911433535
0.452586960033393
-2.70936184951326
-4.96681857325205
-6.33479232368554
-6.6954718493517
-6.25579860534246
-5.59038803074983
-5.01579635315535
-4.61560709075879
-4.23991990294301
-3.61953006109089
-2.72189447841005
-1.64269838876227
-0.586984632435741
0.131706603339253
0.514776658821797
0.744392684883614
4.0867427330361
6.03149906682831
8.74301632846837
11.9036387029246
14.3185171739866
15.7881577390827
16.0885130918369
15.663313826881
14.9162598190471
14.0670872309452
13.0882073173389
12.0527696062837
11.0704770822039
10.1616989205934
9.85609118953175
9.65798267118516
9.50448603458013
9.29065100496863
8.66807825320773
4.24698998641814
0.629895740988045
-3.25957773518811
-6.44259326091863
-8.62773406048226
-9.9039552125103
-10.1563704056336
-9.58056834626938
-8.80759169847683
-8.16435564734066
-7.7299981892647
-7.30816971607311
-6.64463699222695
-5.72077536801221
-4.5998859034085
-3.50706115218725
-2.71920967603038
-2.25052247340441
-1.16155218823761
1.53322423425179
2.98782076232435
5.28953088438725
8.1398743184664
10.4729271356173
12.0345083972314
12.4902499458899
12.1505960098507
11.3971402750013
10.4744860481762
9.38184233174946
8.22944183519362
7.11032629612252
6.12416486212124
5.78846917937563
5.62377459976343
5.57852586199875
5.51421374695739
4.77797447854685
0.300350048523376
-3.12697779505393
-6.86574114379539
-9.91004378240418
-12.0059161761368
-13.2690137066177
-13.5708624316404
-13.0745612979265
-12.3542354365647
-11.7117662850229
-11.2487478167286
-10.812685178363
-10.1479867545719
-9.25722217270847
-8.17646215432712
-7.09983661151832
-6.302069762937
-5.78936211673906
-5.39506344149259
-1.57174145838143
0.529599906147789
3.30125412710789
6.59368197619207
9.28774011978795
11.1624594664719
11.8690170434793
11.7051687960934
11.0980256729969
10.3134037257426
9.35405569135823
8.296172706684
7.25345771693796
6.2510854107631
5.75152140877314
5.42056744268062
5.11496905088923
4.78315206368422
3.70052182177093
-0.879154562694545
-4.23654496552481
-7.907090563294
-10.8711430017602
-12.8786623304404
-14.0371093946344
-14.2164786949887
-13.5857133567855
-12.74174191814
-11.9920730669889
-11.4001335239937
-10.7976619521639
-9.95257460051435
-8.91416712254821
-7.71151491465447
-6.57797796370816
-5.78258904317214
-5.33255240335742
-3.6725058501155
-1.48219702374119
-0.0951548197999945
2.1020321088181
4.82405974149493
7.10382935139389
8.62376129140432
9.05138762794061
8.6559200625388
7.82419951223771
6.82134556046867
5.63878376858044
4.37781496807475
3.13425173703668
2.03404319080156
1.63658195413357
1.38942908192573
1.32666413531192
1.28511124748525
0.716866119655682
-3.68261381938608
-7.17335953960952
-10.9590430620717
-14.0841424829352
-16.1694813499143
-17.4027156805975
-17.6664726848629
-17.112660447788
-16.3249946957185
-15.6205905762828
-15.1150459117426
-14.6557416069669
-13.9885823966368
-13.1273321095112
-12.0978783844348
-11.0718588343448
-10.3111249186717
-9.82172218259768
-9.4854467349649
-6.78408702917063
-5.12038805008338
-2.62941236665411
0.256755611238651
2.64853301221501
4.25977298085972
4.75204367094507
4.40764775783345
3.63100203448048
2.75070237133615
1.73168061570748
0.648548538542182
-0.429091831215187
-1.42449208341628
-1.78201380887314
-2.03821934453086
-2.15954584414809
-2.23321665675977
-2.55135711896748
-6.70667360057577
-10.3746301455445
-14.2440939120659
-17.4000119768226
-19.3706755376492
-20.4139730170174
-20.4856812146576
-19.7784666063147
-18.8935792743302
-18.1413911956259
-17.6203970227322
-17.1435598695139
-16.4602204867418
-15.5969923264022
-14.5886744400051
-13.5977503308509
-12.8742398578968
-12.4243126256305
-12.1659139070907
-9.44959402714132
-7.78273068949809
-5.30973882103627
-2.41386979280052
0.0548277406958635
1.77283500788804
2.37198388432003
2.13652479519498
1.45781306259517
0.640504259055396
-0.346228172745373
-1.40904330545738
-2.46911132047824
-3.44191086323011
-3.833681631956
-4.06291771773783
-4.189827965141
-4.28624520151449
-4.91326184695337
-9.23878892088899
-12.7094172205376
-16.425006370435
-19.4566298600627
-21.3412459764136
-22.3613610418388
-22.4295607502966
-21.7075999204618
-20.765799747044
-19.9262164776776
-19.2934695781224
-18.7261697189544
-17.9722536509565
-17.0758766985009
-16.0717830823218
-15.1219480666258
-14.4690035008886
-14.1162266576546
-13.9119711997985
-10.4408239689625
-8.53111944589232
-5.88869891520766
-2.70166441865452
-0.013311514577967
1.94921600763401
2.77577751491475
2.7121235571226
2.16711852196188
1.43393291175688
0.514302844778583
-0.511811311946155
-1.53339991000387
-2.52419953664219
-3.02689720491356
-3.36581555855295
-3.67869516500365
-3.99637495630049
-4.94838581803051
-9.42683439845644
-12.7567197590247
-16.3918993814461
-19.3482697702065
-21.1635634535372
-22.087508880167
-22.0661278621259
-21.2262233723863
-20.1746370710411
-19.2499078485813
-18.517929216117
-17.8251668404403
-16.9321169327993
-15.9038899252232
-14.7879959859022
-13.7970332141312
-13.1653454200345
-12.902546231296
-11.5359201185297
-9.35386534731087
-8.05237531933815
-5.90396415972014
-3.23540861244321
-0.96363234142366
0.588553839518203
1.04385861878672
0.68829296374137
-0.101516600719884
-1.0682586356349
-2.21619593240861
-3.43447297047029
-4.62853861272995
-5.68235867171051
-6.03848730414181
-6.25327797998627
-6.30001346791264
-6.3426819727031
-6.92337319985016
-11.3331318299381
-14.8197194843099
-18.619553145132
-21.7566717396485
-23.7238354992092
-24.7358437803495
-24.7999031462798
-24.0293462192708
-23.0369597489057
-22.1675855291756
-21.538237261466
-20.9917844281328
-20.2570303144088
-19.3658513156713
-18.3669380985335
-17.4288199152799
-16.7891268053074
-16.4585060832697
-16.3510250460637
-13.7566648784956
-12.0876914095398
-9.60188157439846
-6.64486389188112
-4.1757042604837
-2.42702465608352
-1.80662207144289
-2.02688287122358
-2.6872205751799
-3.49095576578142
-4.46993218858035
-5.52936587950437
-6.58080645754775
-7.56532278757796
-7.93107343278353
-8.18209859985
-8.32147405907986
-8.45711615651374
-8.98807960475889
-13.347314166292
-16.8690110555848
-20.6843156174405
-23.8171811268229
-25.696465080748
-26.6230008096847
-26.5312072190737
-25.6308746758898
-24.5053023729674
-23.5148146535812
-22.7861843852738
-22.1736337619331
-21.4052120442276
-20.5180072246006
-19.573378824905
-18.7552354685598
-18.2576795440834
-18.1120897589695
-17.8705203599898
-15.1561226464641
-13.685487976829
-11.4186617323045
-8.66977216790945
-6.34372127224142
-4.69490370344
-4.14855052386993
-4.41227128663777
-5.10608914991906
-5.94374568673008
-6.95045268280638
-8.02339472945501
-9.07937195513309
-10.0399317567338
-10.3380271936424
-10.5446168219458
-10.6323005864915
-10.7157316984009
-11.1160169817331
-15.3370410560176
-18.9359915473404
-22.820499142299
-25.9946132733497
-27.8497407962993
-28.6795549753334
-28.4901348052801
-27.5044357933332
-26.3545993253394
-25.3913666872169
-24.7214273240091
-24.1512543601138
-23.4063153501431
-22.5198295840967
-21.564861801741
-20.7175883403609
-20.1744478012851
-19.9754004621396
-19.9559405550587
-16.6799455219783
-14.7655874750579
-12.1352497831845
-8.96839091158061
-6.35683002384107
-4.52644440201946
-3.80976286972969
-3.92674575236973
-4.47956398640239
-5.21392746046097
-6.13563305673213
-7.16086298119627
-8.1752600861827
-9.13711830590209
-9.56433097453618
-9.82217050476572
-10.0516580102241
-10.3381629194019
-11.4550305165193
-16.0510081946764
-19.3958935870737
-23.0909032217756
-26.1182119424935
-27.8809787961692
-28.6859059989451
-28.4410435949809
-27.36074889049
-26.0579241708696
-24.9136282720729
-24.0314619667942
-23.2562669705581
-22.3249814966233
-21.3010239633319
-20.2613705378527
-19.4202067073159
-18.9609334155705
-18.9029517739889
-17.7216122777708
-15.6722456022695
-14.4580429051427
-12.3652364876385
-9.75069732651959
-7.4914988019249
-5.91748499574106
-5.43135281826545
-5.74096627013302
-6.47795925996805
-7.39637712816646
-8.49927373212328
-9.67039160930004
-10.8147499395768
-11.8249932921635
-12.1200528060111
-12.3069661158275
-12.3399840770293
-12.3897596754554
-12.956279540611
-17.3434159971193
-20.887359254846
-24.7445198662125
-27.9338456697349
-29.8144162653761
-30.6516688034141
-30.4623263166272
-29.436395634343
-28.2314389357587
-27.2267257561564
-26.5211393035474
-25.9181123922316
-25.1312928184673
-24.2018938439745
-23.2041550902343
-22.3144664317397
-21.7381681531291
-21.5099446328311
-21.5300032961711
-18.2379982928208
-16.2898733344561
-13.7012356699924
-10.5600263688783
-7.93663212909767
-6.04958527999337
-5.27937364868481
-5.36720251444205
-5.92421776244789
-6.68300355026326
-7.63647613586867
-8.71073497533322
-9.77221302280513
-10.780672464359
-11.2094075365339
-11.5089366145577
-11.7512236970393
-12.0553748760644
-13.2506133699424
-17.7869223592528
-21.1436772047579
-24.8971531199221
-27.9700902937609
-29.7592301729715
-30.1629735378242
-29.6734144385306
-28.4359604036673
-26.9994787902406
-25.7777198020043
-24.9070256101792
-24.1975209088995
-23.3721172151629
-22.4558093665746
-21.5413805379549
-20.8458839665315
-20.4978577261493
-20.530101345755
-19.1671633472777
-17.3671232978868
-16.1447813680006
-14.0746660846749
-11.467203960855
-9.19624023787519
-7.60280216109124
-7.08256399448996
-7.35389282705792
-8.06753422306562
-8.99568599291763
-10.1380682631861
-11.3605883857036
-12.5531014390402