0.280539796010614
-1.14795364271993
-2.01117027590339
-2.09098011446416
-1.17787122391978
0.0650732405279944
1.07358401781715
1.83135645933211
2.55862886779378
3.63560651654351
5.16834232231488
6.89874636490274
8.3240114182336
9.02190765002421
8.69762413283471
7.79238635103215
7.02595740979088
11.0697567342913
14.0241498766924
16.8541686398403
19.6363248636787
21.0458345909935
21.829105659997
21.9118649132858
21.8723016624131
22.2526189109191
22.8703156608232
23.3821418966988
23.5444456257717
23.204366762265
22.3767637389544
21.4745326380615
21.0424183986006
20.2965010116668
19.3753525273552
18.7305920514763
15.1685355662428
12.2664861662059
9.3881235761699
6.73788086411174
5.16253102342081
4.57532569756937
4.58946763497753
4.78788841456881
4.82927926825291
4.82184090972531
5.0345395901438
5.58193744001056
6.68929495611336
8.20951809859085
9.71479899111409
10.6324771318281
11.2116386775404
11.2474168061357
10.9552974528329
13.0079038677897
16.4230440777571
18.8835464602407
21.8845769305618
23.7589818878347
24.6096275067435
24.6928695612086
24.5341162332154
24.6737464679133
25.0191907035746
25.2684867340473
25.1555619839924
24.5507215889814
23.4911123640135
22.6426232071701
22.0861177839688
21.4080931222389
20.6259813251788
20.0476609058054
15.7740574515636
12.8451175646227
9.91391184120571
7.26974573135417
5.53379711574182
4.67233292035673
4.37501682435394
4.28686929346766
4.0659937989454
3.87506504055996
3.93953453225612
4.37384693645509
5.4159519690866
6.98799350269716
8.68475967958835
9.80256429696199
10.7777322611661
11.2820884472509
11.4685570852427
13.4382147895569
17.1767868449578
20.2822618196519
23.7451469994642
26.1197204362189
27.2735607444424
27.4408472915037
27.3506786596676
27.4569751000064
27.6623119099651
27.7741876011053
27.5409677753261
26.8093698308129
25.6420978963496
24.7179410580725
23.921864546018
23.0410973922055
22.0808514686746
21.2815811689795
16.9715211816141
13.7270999864984
10.6039916297523
7.91223730766081
6.19828302418136
5.37260702290544
5.16071788308702
5.18420006163705
5.06293109760389
4.93361174078893
5.03184622066635
5.46905462952852
6.51559650292467
8.10747516348447
9.83612290247047
11.0009469215007
12.0246721763708
12.560297392484
12.7600569608095
14.6167917853688
18.3963525606422
21.5653198577906
25.0045935012025
27.3194143842479
28.3870476205743
28.5199638031901
28.4207060138573
28.508821835332
28.6759057181729
28.7299294417011
28.4155157055518
27.586614699488
26.3467822243554
25.3846171845596
24.5615508391744
23.6790460193303
22.7250700487917
21.7580565249914
17.6736599420041
14.5901571333494
11.5310674033916
8.80457718409666
6.89811904199622
5.87169696454447
5.44502536053952
5.29574685057035
5.03134148133297
4.80579769195036
4.81856397063574
5.18561525246405
6.1775442647102
7.74531156746668
9.48198882135687
10.6997495544857
11.7405662207643
12.3083267782357
12.5509524149614
14.609441927936
18.4399025102481
21.3796086195526
24.6568282919104
26.7545498956348
27.7114155088942
27.8862316025268
27.7288953347017
27.8711123707799
28.2026975128926
28.4261035239034
28.2444729692841
27.4878622402455
26.2739201044438
25.2925787980121
24.474605408388
23.5782417719849
22.5968380244398
21.5967681191519
17.5052404492301
14.417217520034
11.3519556034608
8.62482876706025
6.72567584535826
5.7072722230102
5.29379590440786
5.15069112376564
4.88916570460563
4.6667406856652
4.68482710301153
5.05946738930523
6.06114584395495
7.64137738676843
9.39114088858518
10.6229444615693
11.682670318882
12.2703432185759
12.5286213392369
14.5120802074458
18.3775665278619
21.5137378571018
24.918024091938
27.1435459781599
28.234204087109
28.3702285022151
28.2305632344261
28.3057937859694
28.4959489827679
28.5690542216375
28.2500748880817
27.3832181240218
26.1018770708682
25.0921829472015
24.2126928140608
23.2712047928324
22.2717757774503
21.3140328215414
17.2209052985172
14.2134522583234
11.1386302061176
8.55981775392828
6.86611586635995
6.04727182986058
5.84406552759852
5.906993247909
5.80401873514925
5.65698074973648
5.70589047834227
6.07380444739647
7.02941915952756
8.52859619014412
10.1811485739729
11.3061039258225
12.2447866618702
12.7169142368125
12.8662195233752
14.6872879364011
18.4702692322451
21.5574828229825
24.97458067621
27.297292559343
28.3608355907534
28.4873107453533
28.3813775318769
28.4646405939687
28.6244778476318
28.6736367456079
28.3567045799442
27.527954249962
26.28392705546
25.3226314081185
24.4904809933764
23.6012469171293
22.6521814954542
21.7671904811799
17.7679672016529
14.7125187104655
11.6134216719094
9.00618913187213
7.29901474864115
6.49239801090922
6.29531597445666
6.35854818026459
6.25382566083729
6.10509990126049
6.15389697827527
6.5220054309358
7.4711510095522
8.95684677535654
10.5959374544251
11.7104608717398
12.6396784139326
13.1130124315244
13.2648397904188
15.0715727504438
18.7665140582909
21.8536973894182
25.3051025263807
27.6931283552327
28.7948077115741
28.961456828169
28.889073837774
28.9930565248053
29.1695732360087
29.2330144653354
28.9320562884762
28.1178032797274
26.8797794625258
25.9049804115026
25.0695958803051
24.1727489390434
23.214555577232
22.3363361324619
18.3424400031206
15.2732084745863
12.1724272494659
9.56503679684157
7.87700797072306
7.10198594651487
6.93564412250971
7.02222963406584
6.93910174360945
6.80846614011276
6.87936839439832
7.27156402279589
8.24663623818376
9.75479412817498
11.4061117247797
12.5188284916397
13.4500910149899
13.9144296363254
14.0552643937668
15.8607408320279
19.5374598709707
22.6170072432852
26.0690915144558
28.4554833726655
29.5524168468734
29.722390434421
29.6578346903286
29.7671395054172
29.9485959997273
30.0157464155682
29.7180845991068
28.9039138325243
27.6631938766517
26.6840238292404
25.839778449015
24.9332298422138
23.9686065517207
23.0890952059249
19.0923497889145
15.9950026481907
12.8801145525008
10.2602468989696
8.58293840510803
7.82795805150843
7.67867272749551
7.78102178051114
7.71273957783398
7.59495004976433
7.67939578791177
8.08493488887495
9.07296399546224
10.5921344125365
12.2493563716434
13.3522594149368
14.2857301759104
14.7473003507735
14.8831434230728
16.7044897799692
20.4434675443235
23.5147134027321
26.9596531517459
29.3342518820021
30.4187991271601
30.5866655851054
30.5253577302027
30.6375709168446
30.822798409824
30.893050078263
30.5962603965972
29.7801529368104
28.5365276558749
27.5550773360086
26.7034007759607
25.7887871371165
24.8179621445975
23.9338764503787
19.9299521152454
16.811072807772
13.6861605424567
11.054009185836
9.3856422340884
8.64739682261508
8.51040719750042
8.62428350244562
8.56687384202114
8.45827999135852
8.55178380328617
8.96504837578573
9.95910342832167
11.4819131308527
13.138513716776
14.2372517588078
15.1651846284467
15.6183255942521
15.7444480071492
17.5587583679357
21.291242058648
24.3559079883559
27.7989832537111
30.1617362536144
31.3525108707256
31.5683400367809
31.4796695210984
31.5844983811419
31.7902084146756
31.8840946442893
31.6021261014901
30.7838284088345
29.5304453365908
28.5272497309418
27.6578232259766
26.7237759098002
25.7349968159726
24.8343927008227
20.8326673417576
17.7445810071461
14.6326909315484
12.0041826775708
10.3511553488165
9.63155568465841
9.50924744747462
9.63955947944878
9.60139308353896
9.51215210692354
9.62675698694798
10.0597998872024
11.0723314832452
12.6108089981351
14.273012858162
15.3780769626641
16.2959600329006
16.7282785380764
16.8314630372337
18.6990059251149
22.3932431761273
25.2751011250111
28.5914587766718
30.8368434465973
31.8507491383991
32.0808998914366
31.9777587634091
32.1342601341369
32.4627606580629
32.6796079013552
32.5013531798958
31.752537457868
30.5291947730142
29.5202626396409
28.6819042810617
27.7752355001764
26.8008174249755
25.9016846153964
21.9188948175909
18.8945091071165
15.8089693617602
13.1927938549266
11.5648820428325
10.8759266036477
10.771937492481
10.9117934422616
10.8779896057918
10.7920329875446
10.9109308253293
11.3422758422002
12.3466842149285
13.8692371096582
15.510645842734
16.5836885044099
17.4666251757899
17.8673942211775
17.933942201914
19.6794236485497
23.3209116521804
26.3791346647524
29.8229606282878
32.1916834638826
33.2722555992181
33.4240550506126
33.3410091629298
33.4301350840849
33.5873963717218
33.6331442592327
33.3205993299217
32.505688358921
31.2706907044847
30.3163868914016
29.5025423278017
28.6327822623393
27.70169302124
26.8495357383793
22.8875414204472
19.8523344850287
16.7702676169741
14.1553937948484
12.5470783141389
11.8763728838904
11.7818688944436
11.9306538856523
11.90225482902
11.8174935142558
11.9332131611569
12.3587182482412
13.3532515488311
14.8593291966253
16.4775306834243
17.5441245652306
18.3895745673195
18.7505343797158
18.7794555763115
20.5694058058963
24.2576999922641
27.1165334804917
30.396955218587
32.6276764542296
33.6967722860711
33.8122342869157
33.7147403273875
33.7870561469245
33.9339666138886
33.972972220669
33.6642771857624
32.876648752266
31.6644450272059
30.7646168203473
30.0090351670239
29.199225232384
28.3250753281069
27.5323252633343
23.5941603630931
20.5410146880807
17.4583852491361
14.8407657494045
13.2585091650455
12.6169714597312
12.5446108994182
12.7072478198639
12.6838527629131
12.5972737988582
12.7085005480202
13.1279683449813
14.1110846389443
15.5990782558836
17.1971584153816
18.2465033412351
19.0681022844796
19.411417636867
19.4219307587048
21.1162688456045
24.7731949169901
27.7901503406119
31.2038643014433
33.5296327935221
34.5770805505673
34.7187803422356
34.6402667990162
34.7322100801109
34.8908097023327
34.9347840797077
34.622396748437
33.8119846222205
32.5811508536365
31.6306492930895
30.8283428456717
29.9665035601552
29.0455695106187
28.2213067678413
24.2651297328476
21.1541590583719
18.0453233575445
15.4155778291234
13.864994879577
13.2531213631599
13.2159328631689
13.4082660192402
13.4150260512685
13.3554467763155
13.4971084690649
13.9524629549565
14.975555343783
16.5034757998221
18.1278352355606
19.1893940880353
20.0272027298322
20.3683886456696
20.3728569958916
22.2333858608017
25.908692143713
28.7168081498292
31.9666181825855
34.1629800857022
35.232727790472
35.3311666276967
35.213598871642
35.2724617440855
35.4127630339741
35.4473399439867
35.1357258778665
34.3475271242143