9.196686765564847
9.049766699575246
8.902846633585645
8.755926567596044
8.609006501606443
8.46208643561684
8.315166369627239
8.168246303637638
8.021326237648037
7.8744061716584355
7.727486105668834
7.580566039679233
7.433645973689632
7.28672590770003
7.139805841710429
6.992885775720827
6.845965709731226
6.699045643741625
6.552125577752024
6.405205511762423
6.258285445772822
6.111365379783221
5.964445313793619
5.817525247804018
5.670605181814417
5.523685115824815
5.376765049835214
5.229844983845613
5.082924917856012
4.936004851866411
4.789084785876809
4.642164719887208
4.495244653897607
4.348324587908006
4.201404521918405
4.054484455928803
3.9075643899392016
3.7606443239496006
3.6137242579599995
3.4668041919703976
3.3198841259807965
3.1729640599911955
3.0260439940015944
2.8791239280119933
2.7322038620223914
2.5852837960327903
2.4383637300431893
2.2914436640535882
2.144523598063987
1.9976035320743852
1.8506834660847842
1.7037634000951831
1.556843334105582
1.4099232681159801
1.263003202126379
1.116083136136778
0.969163070147177
0.8222430041575759
0.6753229381679748
0.5284028721783738
0.38148280618877095
0.2345627401991699
0.08764267420956884
-0.05927739178003222
-0.20619745776963327
-0.35311752375923433
-0.5000375897488354
-0.6469576557384364
-0.7938777217280375
-0.9407977877176403
-1.0877178537072414
-1.2346379196968424
-1.3815579856864435
-1.5284780516760446
-1.6753981176656456
-1.8223181836552473
-1.9142251624301552
-2.007897920500229
-2.109746791188875
-2.22007679456397
-2.3444815033547517
-2.4828870977698974
-2.6313933294208147
-2.7860451710755236
-2.9442887535656848
-3.1057096518867637
-3.272479262304472
-3.445791033832063
-3.624275679165988
-3.805731240338052
-3.988277004264883
-4.170303826197814
-4.349814437621096
-4.556480331418351
-4.764778228575201
-4.975367133197095
-5.188402134538254
-5.395943074039935
-5.5943338477109945
-5.778764543421919
-5.949376955453028
-6.111536380314694
-6.270008488838383
-6.428817390991259
-6.590922303210093
-6.75779405806658
-6.9284359857584965
-7.10196160823424
-7.277735445241767
-7.4554372085377585
-7.634418728677812
-7.80527832839461
-7.959273097629975
-8.126097837293488
-8.2818235373269
-8.433561097138842
-8.586349510430363
-8.738930706625423
-8.897850480026662
-9.064309295828071
-9.234663948020836
-9.40462343805942
-9.5718391222585
-9.735044763545137
-9.895302774307073
-10.055083503628667
-10.215243095304313
-10.37527159038684
-10.533237954155764
-10.688750572868175
-10.842997492799686
-11.019984230463423
-11.193778326791811
-11.365645474430035
-11.538227338155096
-11.70548519139552
-11.866442513813517
-12.017741293041176
-12.162300303841146
-12.304361316070585
-12.44824468130992
-12.596425837468669
-12.74989951018829
-12.908917908031492
-13.071960664987147
-13.237846250883907
-13.405480419435044
-13.574815921468414
-13.745159089900131
-13.915249542971376
-14.062641561011386
-14.222456704895174
-14.377786402914726
-14.53041967996503
-14.684375551378196
-14.838459210054472
-14.99844054092269
-15.165804154851243
-15.338346384388254
-15.512782014612931
-15.686550054656506
-15.85750717414973
-16.025827527557684
-16.19341618774269
-16.36075181135729
-16.52654825593537
-16.69005045606617
-16.85105415180819
-17.009393737924725
-17.185630971107194
-17.36122554100119
-17.534637160788247
-17.70987192634711
-17.88154627825486
-18.048872448282484
-18.208834826759915
-18.365017851461484
-18.521629732186856
-18.681890601861703
-18.84742366120651
-19.018887391317467
-19.196490600911012
-19.378665582228212
-19.563718061239335
-19.75045008427428
-19.938322999704297
-20.12650595590125
-20.313514116366626
-20.472773080245016
-20.642600338468597
-20.807573741610348
-20.969628870149073
-21.13303836824255
-21.29694332999521
-21.46559564785499
-21.63975876165308
-21.817897403537845
-21.997066668924997
-22.17475295563368
-22.349363979339312
-22.521279180225104
-22.69221186356942
-22.862525358070048
-23.030932598822574
-23.196952541967203
-23.360409932776175
-23.520717631107342
-23.70103921263316
-23.87753502254746
-24.053008130174476
-24.230561048562944
-24.404311745395894
-24.573261667623065
-24.73430562356952
-24.88904153822822
-25.041022291961145
-25.193647443934434
-25.349013332068314
-25.50832201760435
-25.67229455082119
-25.839846733960194
-26.009842955290033
-26.181515428207533
-26.35452373011512
-26.528674038326436
-26.702187740791334
-26.849287704116406
-27.012015551145804
-27.170343769356176
-27.326564736479064
-27.485719107448222
-27.645698677436044
-27.81106424511182
-27.981830188053543
-28.15582853843005
-28.329678009762322
-28.501095498854994
-28.669136480322884
-28.834575661669263
-28.999025647563375
-29.162664096689564
-29.32379783767083
-29.482494137379238
-29.638260421193966
-29.790554017569786
-29.9634524285959
-30.13411373726536
-30.305527016233498
-30.478788840661153
-30.648665448502516
-30.81382978231872
-30.971666804563373
-31.123857289535866
-31.274129346507234
-31.425670048214396
-31.58055552980374
-31.74003493472069
-31.904687803733527
-32.07321590075057
-32.244344606504164
-32.41707089518504
-32.59093170298505
-32.7650050707885
-32.93694924423638
-33.091205325666245
-33.25836539648564
-33.42281654245859
-33.585247503092
-33.749920527160555
-33.91492036903826
-34.084440295060055
-34.26062075050421
-34.442291531613705
-34.6264916735394
-34.81104543052685
-34.993775554551846
-35.17455969497091
-35.35458166075763
-35.5339761542149
-35.710867637135046
-35.88508686745157
-36.05655165803904
-36.22482079518554
-36.41120227750145
-36.59603494657733
-36.78122388986913
-36.968243532356354
-37.15235297743828
-37.33294632854691
-37.50656905785063
-37.67522894178883
-37.84223708688165
-38.01097485206837
-38.18331938796775
-38.36023052859398
-38.54215003016975
-38.7276825761761
-38.915465180180114
-39.10445947517247
-39.29453157532222
-39.484936915013314
-39.674120871303046
-39.83909854239944
-40.01605240635591
-40.18840661489036
-40.35739728035464
-40.52751807880564
-40.69849997265019
-40.875041675739716
-41.05829683819586
-41.24628768272664
-41.43618540662116
-41.62594871377992
-41.81360470061078
-41.99927426781891
-42.18449022598239
-42.36941336513566
-42.552258333096944
-42.73311008142217
-42.911476901859885
-43.08668063016426
-43.28083169804058
-43.47118216909499
-43.66018528370256
-43.85088757385744
-44.03811711816482
-44.22059944994124
-44.39293924192491
-44.55591218849448
-44.71306432021336
-44.86831340949849
-45.024088896750534
-45.181793587463865
-45.34250557995895
-45.50571987233148
-45.67060630609896
-45.83694985084561
-46.00480094739059
-46.17429718712522
-46.344394557632086
-46.49139705197716
-46.64991381096703
-46.80425743517504
-46.95568449110413
-47.10913865969941
-47.266672595459156
-47.43292685463024
-47.60805717299417
-47.78954947017579
-47.97426796454514
-48.159503708055404
-48.3432864754246
-48.525831477245845
-48.708546708994746
-48.89105101857809
-49.071282290929105
-49.24926820633849
-49.42478449557058
-49.59719118091059
-49.790615243244154
-49.98213815045695
-50.17446610529256
-50.36903139250631
-50.560597470118964
-50.7482366031143
-50.92877786004607
-51.10369063489906
-51.27631238653886
-51.44998547714142
-51.62645372648386
-51.806455658883294
-51.99029090630676
-52.176654471932665
-52.36410315698047
-52.55195107096075
-52.73955497908885
-52.9268290522044
-53.11212682142803
-53.26874368132604
-53.4366768998651
-53.59786526149796
-53.754777214817686
-53.91339615701052
-54.076230820612885
-54.24936729398343
-54.434002731840756
-54.62778554063617
-54.82673541832007
-55.02708648698026
-55.22654928011631
-55.425463051626
-55.62538683406219
-55.82613801341305
-56.024995063543514
-56.22231172180273
-56.41754798128458
-56.61056036311771
-56.82286377702561
-57.029671186905524
-57.237058567610475
-57.44635964953201
-57.65204360188597
-57.85248155673358
-58.04428396425034
-58.22851410354065
-58.40845877702285
-58.58728090733123
-58.76674557897474
-58.94796724647731
-59.13178653224793
-59.31737533393755
-59.503931571110535
-59.691242992662964
-59.879327115424545
-60.06782352508538
-60.248740117754934
-60.40961892550256
-60.58434921965361
-60.753545721287374
-60.91961873712664
-61.08607240002006
-61.25382603237703
-61.42713346764437
-61.60671785114236
-61.79083974701076
-61.976841700720065
-62.163066754822616
-62.34836516114468
-62.53317331351473
-62.71883790298528
-62.90506110293528
-63.08944188833585
-63.271817386731655
-63.45161304869245
-63.62866233050182
-63.82384937461384
-64.01378382332513
-64.20524211408014
-64.39825648390838
-64.58731640098415
-64.7709884807781
-64.94573980237455
-65.11267414190377
-65.27508878783283
-65.43665657115672
-65.5995420134349
-65.76502729311989
-65.9339959608481
-66.10567082152672
-66.279090339107
-66.4538487867304
-66.62975647439349
-66.80686623187695
-66.98378536746576
-67.13640005870992
-67.30278608639405
-67.46504224490045
-67.62459587235857
-67.7839129823034
-67.94375209387195
-68.10856852154217
-68.27895717480455
-68.4530315697642
-68.6282818646543
-68.80327740495447
-68.97704035114329
-69.15002942066002
-69.3236788140724
-69.49777551193762
-69.66968447308876
-69.83978144156248
-70.00768754356827
-70.17287885378748
-70.35813553105831
-70.54096949576645
-70.72566396601532
-70.91223680262856
-71.09524571434325
-71.27401030854105
-71.44500392781059
-71.60922878733986
-71.76987607706181
-71.93031247183087
-72.0925192785627
-72.25762660302935
-72.42644546746966
-72.59819655418579
-72.77180388182322
-72.94678614709602
-73.1224949841696
-73.29941037497477
-73.47610477731615
-73.6285390546911
-73.79449964228965
-73.95635197799787
-74.11578249672888
-74.27524171575048
-74.4358855828439
-74.60240718235903
-74.77502608771738
-74.95124138175886
-75.12808537135126
-75.30391693951636
-75.47792906300101
-75.65090445925641
-75.82451114868
-75.99873569208478
-76.17117441131519
-76.3419696613925
-76.51100218194023
-76.67829158486585
-76.86327794553469
-77.04401134483041
-77.22677826364699
-77.4113976633326
-77.59200548449238
-77.76766663731242
-77.93473378161579
-78.0940698226949
-78.24896448644756
-78.4029954322323
-78.55844837235905
-78.71672161065115
-78.87879451735716
-79.04404722858916
-79.20140114635709
-79.35875506412499
-79.5161089818929
-79.67346289966079
-79.8308168174287
-79.9881707351966
-80.14552465296451
-80.30287857073242
-80.46023248850031
-80.61758640626822
-80.77494032403612
-80.93229424180403
-81.08964815957194
-81.24700207733983
-81.40435599510774
-81.56170991287564
-81.71906383064355
-81.87641774841144
-82.03377166617935
-82.19112558394725
-82.34847950171516
-82.50583341948305
-82.66318733725096
-82.82054125501887
-82.97789517278677
-83.13524909055468
-83.29260300832257
-83.44995692609048
-83.60731084385839
-83.76466476162629
-83.9220186793942
-84.07937259716209
-84.23672651493
-84.3940804326979
-84.55143435046581
-84.70878826823372
-84.86614218600161
-85.02349610376952
-85.18085002153742
-85.33820393930533
-85.49555785707324
-85.65291177484113
-85.81026569260904
-85.96761961037694
-86.12497352814485
-86.28232744591276
-86.43968136368065
-86.59703528144856
-86.75438919921646
-86.91174311698437
-87.06909703475228
-87.22645095252017
-87.38380487028807
-87.54115878805598
-87.69851270582387
-87.85586662359178
-88.01322054135969
-88.1705744591276
-88.3279283768955
-88.48528229466339
-88.6426362124313
-88.7999901301992
-88.95734404796711
-89.11469796573502
-89.27205188350291
-89.42940580127082
-89.58675971903872
-89.74411363680663
-89.90146755457454
-90.05882147234243
-90.21617539011034
-90.37352930787824
-90.53088322564615
-90.68823714341406
-90.84559106118195
