0.370631546354604
-0.608456244965559
-0.822052476183115
-0.297401754584831
0.934189858258246
2.29470362097944
3.3679691462222
4.24549541943437
5.09278857693833
6.13384427369842
7.42024001171495
8.67464453763654
9.66316791856436
10.0627959634854
9.44993435934166
8.36790804694084
7.35725241885096
12.0538907364387
14.6836219693951
16.8103247634371
18.8045307497912
19.47659928371
19.7738340485018
20.1580365846395
20.6865575706346
21.3943220187983
22.1106881641006
22.5819102546278
22.6657941152283
22.3573016218108
21.7113101680364
21.227678186197
21.0940269106092
21.0179503633273
20.9856887325506
21.2439808802533
18.105371574955
15.5328744413108
12.7773108150014
10.4985280561902
9.77460319807286
9.36209844884505
9.14034130408007
8.7873598605099
8.19077550819108
7.61631340171546
7.26948867112458
7.19919870633535
7.53651420706966
8.10707769833833
8.81971773243185
9.37156519626835
9.53828537544003
9.25211905384876
8.63600185364369
10.3359885987773
13.4596265747222
15.9108161320237
18.7282906571639
20.3202368549464
21.1558361004227
21.8099368390714
22.4998911840217
23.2920981270896
24.0475794522948
24.5506199274158
24.6504320777063
24.3426058200823
23.7019202298244
23.1601199294418
22.9477212896281
22.7685382957546
22.598172107598
22.6528726548437
19.0961417968525
16.3292862050959
13.4456311871791
10.8810596520154
9.76206958466996
8.99449512187023
8.35222293038296
7.65354045563959
6.79351009894463
6.03665859309809
5.60138386112737
5.49762285988781
5.84795799567585
6.52150152940213
7.38099373724735
8.13758487640136
8.59688764435804
8.6365206670333
8.31244025799341
10.2237485503167
13.4299850361608
15.9672687042493
18.7549059149503
20.3154085117897
21.1011263743954
21.7268319483256
22.3876777978401
23.1465654791802
23.86419085081
24.3255606547002
24.3800902731851
24.0324589880397
23.3577700929651
22.7997111615999
22.5797460387349
22.3912515795158
22.2285693960097
22.2339284731001
18.7901013468259
16.0567862618196
13.1588398045292
10.5649890782075
9.29580797504656
8.3386793296283
7.46462854093836
6.52103419702361
5.42962730494713
4.47792786539944
3.90010093539487
3.71122425876061
3.9977665143706
4.671109299081
5.5749649181292
6.43009059524209
7.04273176064211
7.27262922488649
7.14722832672903
9.03209669441237
12.1949443428139
14.7592601614631
17.5744971074506
19.1876876719717
20.0116775413238
20.6274476204096
21.253761646676
21.9743973337672
22.6609289154492
23.0987324393943
23.1305366304079
22.7605477957529
22.0512566052154
21.4587995696972
21.2136907521702
21.0158942707058
20.8452220710529
20.8920502654645
17.6081303372788
14.9165286746689
12.0443147702755
9.47732615206376
8.29743491631124
7.46943867267369
6.76372478468929
6.00889489290847
5.09852671505421
4.29935887376175
3.82880386544969
3.69930069046564
4.02205777119777
4.68576349088823
5.5477414378237
6.33069549408992
6.84059593463537
6.94499877968622
6.68157408931163
8.43258898479629
11.541097560624
14.0967421709815
16.896639197861
18.496566474145
19.3134317405124
19.9296240744413
20.5596369795039
21.2782626613074
21.9539741192544
22.3788550320008
22.3970740091365
22.0191713705703
21.3085805364589
20.7216852890213
20.4876639282068
20.3027733193439
20.1478343365335
20.1923297602407
16.7484718692303
14.0733324465279
11.2241712246922
8.6845449402779
7.52282918914646
6.69720793373845
5.98468307206384
5.21617779568721
4.28799229498098
3.47065094632684
2.98492630268946
2.84399293599424
3.15744108832661
3.81190037937098
4.66545936714285
5.43698484784976
5.93297878366161
6.02185282348013
5.74590392629616
7.52579491290241
10.6609451248176
13.1880118429342
15.9901710439228
17.5809749488384
18.3868062543493
19.0004665851004
19.6321924837801
20.3579037978371
21.0460505915826
21.4840752221679
21.5192119483044
21.1580092648186
20.4638169801426
19.8955780170911
19.6780448284731
19.5080613647657
19.3631060015799
19.4247697564841
15.9921668089575
13.3240159876201
10.4873581329384
7.97045126380352
6.84381541538664
6.04218293690342
5.3590440125004
4.61715818533389
3.71036489378722
2.90965991594626
2.43442603210072
2.29831713983381
2.61392364636648
3.26307207366625
4.10734199190049
4.86560074693729
5.34359663406653
5.4107731725716
5.111391258181
6.87218433192406
10.0026378076135
12.5230337782767
15.3236536549282
16.9123668105665
17.7201994739362
18.3370813942931
18.9729721318243
19.7035187097785
20.3967488550609
20.8400374763627
20.881604355306
20.5260376710159
19.8377525752629
19.2757745999437
19.063477634263
18.8975304607947
18.754552978627
18.8218508952551
15.3973637719797
12.7310262473628
9.89751576481531
7.38672337896136
6.26136961258246
5.45717332299902
4.77239779001716
4.02790736754885
3.11946163321178
2.31966932979092
1.84686133353233
1.71446147653309
2.03504151742569
2.68972460231108
3.53964836506908
4.30421679927332
4.78816063968545
4.8612026696085
4.56743343904461
6.3407271139935
9.47110729632254
11.9920187945266
14.7943081965783
16.3860146854256
17.1951167265206
17.811311296189
18.4452083644344
19.1708035260973
19.8564478990761
20.2902990165368
20.3197013729092
19.9513769974557
19.249163764958
18.6740929242432
18.4495047416042
18.2729298546426
18.124330345734
18.1777403572631
14.743738069186
12.0845713076503
9.25982954440521
6.77064729651132
5.65398044583574
4.85076098199162
4.1701699210236
3.43068574258131
2.5278754816093
1.73720771695786
1.2748472556441
1.15302817798569
1.48497776358885
2.15157100799607
3.0122041952764
3.78833900744349
4.28285490344405
4.3661450712803
4.07940262487154
5.84866289531203
8.98912780656665
11.5212372518922
14.3194465770258
15.9060267248605
16.7134924023844
17.3299448386244
17.9650588808213
18.6903252291957
19.3735826001987
19.8034095896673
19.8287043204871
19.4561189892322
18.7522137773557
18.1760001958529
17.9499753754341
17.7705335444546
17.6200960221461
17.6676835229777
14.2297459139515
11.5728764820464
8.74798903581963
6.25918193190604
5.12779191632939
4.30882378661065
3.61193901382424
2.85778238097152
1.94233595245929
1.14155588944962
0.672192634613801
0.545949835321441
0.87515929765544
1.54223909479757
2.40548905565195
3.18640707508565
3.68837059367817
3.78132371368911
3.50512166165884
5.28404056483734
8.42556471642961
10.958421542797
13.7430814467824
15.3186635431284
16.1176645535982
16.7285858322364
17.3578374851648
18.0749453591256
18.7471618478453
19.165601110685
19.1775142704388
18.7934234274843
18.0792062490507
17.4956373144978
17.264881113073
17.082798899257
16.9331406613796
16.9797988624271
13.5083743596252
10.8468896508854
8.02416340955579
5.54518926361329
4.41086383827448
3.58006385506514
2.87086757380498
2.10424764764505
1.17865114430254
0.374621256217662
-0.0919316152324664
-0.21078172046226
0.129840639768247
0.812760058776201
1.6933515579316
2.49255246120452
3.01201277643068
3.12240736067138
2.86258553536087
4.66723815365466
7.81638443539028
10.3512476086862
13.1430086449846
14.7163298959311
15.510666070474
16.1212709561789
16.7514900875899
17.4669585440815
18.135402548045
18.5467959818391
18.547988695944
18.1507853219101
17.422496188168
16.8251192989529
16.5796050235668
16.3824449726318
16.2228446409533
16.2477220552933
12.8645857249836
10.1744286334578
7.3032735040153
4.78016533256671
3.55407318247982
2.60834772099838
1.7652810524798
0.854648501403007
-0.200880834281487
-1.11062610891788
-1.64799339575117
-1.80015217647502
-1.4759176034177
-0.774522762352789
0.150236161100223
1.02363718779365
1.64713803837066
1.88480417870028
1.76009519521112
3.70967192324993
6.88163996054968
9.45826122881827
12.2904011929038
13.91884418018
14.7664631314731
15.4015459549808
16.045838592008
16.7775713497884
17.4670893293127
17.8997464698799
17.9216766701747
17.538711381375
16.8208497075598
16.225079014913
15.9732246174306
15.7626598163479
15.5879270814932
15.5977363429052
12.209318650803
9.51106105350952
6.63750055539584
4.11266171443098
2.87867924995086
1.91451617317927
1.05323944790164
0.124445268386238
-0.949726509042845
-1.87973978688433
-2.43719544732581
-2.60876751063873
-2.3033358110277
-1.62044215522915
-0.711572854638351
0.146890840099759
0.759152690683123
0.989397459642309
0.864102729808461
2.81067748619172
5.97837678295307
8.5557346929076
11.3841511053342
13.0063054231101
13.8526397398203
14.4904260371442
15.1384382847904
15.8750461363534
16.571186004996
17.0108185338458
17.0424169994293
16.6691128892543
15.9606429471444
15.3749685838403
15.1322319948886
14.9298863974257
14.7594171246038
14.7826140669642
11.2978104551367
8.62410280380602
5.79705655000491
3.32412811008141
2.13149530521655
1.19043886116822
0.363751693247381
-0.521009363642433
-1.55006033011772
-2.43169840878526
-2.943281073535
-3.07747421702649
-2.73487176397749
-2.02032134510263
-1.08808276661351
-0.214068836842323
0.403492954291974
0.633171118340954
0.496364013532118
2.42014146902684
5.59276253258575
8.16318383044244
10.9281419468129
12.4924450227722
13.2911717634982
13.9044557328448
14.5336206330164
15.2437192979538
15.9042862391408
16.3046824794685
16.291018041139
15.8793758922663
15.1379575353874
14.5323681257232
14.2799809585792
14.0743608778934
13.9120688108904
13.9192606326082
10.3635859097321
7.67304198682822
4.80201912478912
2.28951972070517
1.04214332514476
0.0382429723241829
-0.857567030678431
-1.80795208484426
-2.89428896461111
-3.82787827346147
-4.37946382929226
-4.54176506395268
-4.21949307371434
-3.512851170928
-2.57989387771049
-1.69738376096069
-1.05880600097484
-0.796201079654105
-0.89411660962161
1.09644414963605
4.2825288941139
6.85709546746678
9.6634866162153
11.2482031915873
12.0548069762047
12.6748253183555
13.3141698954243
14.0409139589185
14.7240957679049
15.1471171955045
15.1598345672406
14.7690050295091
14.047002385188
13.4558387787488
13.2107328320804
13.0066659326479
12.8405700348026
12.8496363847948
9.45408669287968
6.76101221576543
3.88668251711556
1.38277711478836
0.141104047452008
-0.861951419688128
-1.74278448097441
-2.67500074932144
-3.74363550674328
-4.66389089044287
-5.20865290821554
-5.36979563727723
-5.05075500089439
-4.35326976831553
-3.42842951703527
-2.55232339973451
-1.91989782690224
-1.66196011396654
-1.76458056629228
0.187890335858236
3.36149759312338
5.9393784508141
8.71592714788332
10.290941964834
11.1015363985165
11.7215295639369
12.3567258405308
13.0747761290457
13.7451575090984
14.1559926504494
14.1554910385777
13.7560539956915