6.2191234106806785
6.160237293053994
6.101351175427308
6.042465057800624
5.983578940173939
5.924692822547254
5.865806704920569
5.8069205872938845
5.748034469667199
5.689148352040514
5.63026223441383
5.571376116787144
5.51248999916046
5.453603881533775
5.3947177639070905
5.335831646280405
5.27694552865372
5.218059411027035
5.15917329340035
5.100287175773666
5.041401058146981
4.9825149405202955
4.923628822893611
4.864742705266926
4.805856587640241
4.746970470013556
4.688084352386872
4.629198234760186
4.5703121171335015
4.511425999506817
4.452539881880131
4.393653764253447
4.334767646626762
4.275881529000078
4.216995411373392
4.1581092937467075
4.099223176120022
4.040337058493337
3.9814509408666527
3.9225648232399677
3.8636787056132826
3.804792587986598
3.745906470359913
3.687020352733228
3.6281342351065433
3.5692481174798583
3.5103619998531737
3.4514758822264886
3.3925897645998035
3.333703646973119
3.274817529346434
3.215931411719749
3.1570452940930642
3.098159176466379
3.039273058839694
2.9803869412130095
2.9215008235863245
2.8626147059596394
2.803728588332955
2.7448424707062697
2.685956353079585
2.6270702354529
2.568184117826215
2.5092980001995304
2.4504118825728454
2.3915257649461603
2.3326396473194757
2.2737535296927907
2.2148674120661056
2.155981294439421
2.0970951768127364
2.038209059186051
1.9793229415593663
1.9204368239326817
1.8615507063059962
1.8026645886793091
1.7893288185448417
1.7759980951172112
1.747909896289706
1.7124394202583897
1.6645234170554315
1.6074522793378485
1.5451853292638886
1.4809149811906357
1.4112766237654126
1.330821175299916
1.239717869447503
1.138940403467109
1.0326814115409333
0.9229085392832108
0.8072550621333117
0.6831729667702994
0.551352440984752
0.4132024447723205
0.27697428422461584
0.1387452865446047
-0.0016600668718075098
-0.1419785403469745
-0.27675720111618846
-0.40026204522321995
-0.5118513222078531
-0.6111326960217678
-0.7000007400332127
-0.7784344537206931
-0.8470694575507586
-0.9077795810432988
-0.9635686271907419
-1.0144015231433163
-1.0614105383778927
-1.1022161064994669
-1.134675020699945
-1.1620222090190304
-1.18971431336967
-1.2146971687974428
-1.2356627714869908
-1.2539411575236639
-1.2675040128266533
-1.2722061847770696
-1.2720386280203213
-1.2712000127560341
-1.274942779229258
-1.2819064726415415
-1.2895503358627094
-1.29397488844927
-1.2999189405242917
-1.3119498922772637
-1.330908484368491
-1.3584339221196875
-1.3966160451016272
-1.4568713282030759
-1.5159302027138712
-1.5685859256770618
-1.624753311846014
-1.685727228971634
-1.7479060590599127
-1.80988475857733
-1.8691109372216337
-1.9249084432463026
-1.9766595700326315
-2.024240755823276
-2.068686179157651
-2.1093419962288156
-2.1495060572017315
-2.1869520747082154
-2.2215666723686835
-2.2541190074071946
-2.285344902657593
-2.3159652728098497
-2.35463269770639
-2.3949151434344493
-2.430029844116051
-2.461403888034669
-2.4904372523652993
-2.520808711036468
-2.550603526401993
-2.5780908402739393
-2.6028102971436144
-2.6252329021834577
-2.6450672340138213
-2.6638761772595294
-2.68363913964531
-2.705060934345122
-2.7279064012463756
-2.750450080789904
-2.773578996960497
-2.7980538593643343
-2.824494634937487
-2.8483574585280547
-2.8772943691829576
-2.908792676723422
-2.938898526034926
-2.967714466606121
-2.994942329259625
-3.0206667209678035
-3.0447014381932958
-3.0668702895572406
-3.0869350233449837
-3.1054908880206016
-3.122773224953569
-3.1399188990689106
-3.1572834745383065
-3.1744896775305564
-3.191216529406566
-3.2081358281364794
-3.2253768233592015
-3.2435942912296616
-3.2636658677867483
-3.2855622153248647
-3.3087265796986487
-3.3322816220315628
-3.353162070094675
-3.3750466198338693
-3.3960805559230023
-3.4149598130535166
-3.429967059828384
-3.4415080672172764
-3.45052993395318
-3.457133102590135
-3.4631612892273913
-3.469290374312098
-3.4756712293970145
-3.4809043279359178
-3.4864334180238528
-3.4923125368947483
-3.4974960169309344
-3.4959317958191845
-3.4949438950458984
-3.4977635046830966
-3.4989171457411596
-3.498051763985345
-3.493194605694559
-3.483762585416308
-3.4727054530420203
-3.46146384280538
-3.4522088080572795
-3.444232129712497
-3.4363093363535757
-3.4280913787756875
-3.4222049356802566
-3.4171889726969313
-3.4140742610845036
-3.4132348545570776
-3.415062014803669
-3.431029130649409
-3.451253484415503
-3.4696375507584607
-3.4851362574378557
-3.499952457312252
-3.514047506546864
-3.530818744567674
-3.5485047980732873
-3.5624795819490616
-3.5711646262987187
-3.573478999805948
-3.573137961458889
-3.5738654183198464
-3.577133466653393
-3.582725262596532
-3.58525078190985
-3.5848758616826686
-3.5840206010658697
-3.5825866658108847
-3.5658893540660497
-3.5524480968332752
-3.5452738904602787
-3.541521554797469
-3.5354237337531353
-3.528251491535514
-3.5166363166110632
-3.5008596576967044
-3.485654603547233
-3.4723875779274938
-3.462100163841824
-3.4533424130421104
-3.443851023995018
-3.4320519113743253
-3.423523556584466
-3.416130246057463
-3.4114826008282186
-3.408975293986118
-3.412529227076118
-3.429173594844254
-3.4534743799482874
-3.4733143505599897
-3.488230640725244
-3.5025896444948112
-3.516084961295877
-3.532863107132193
-3.5496026968943903
-3.5614415553924808
-3.567988558502572
-3.568569184168286
-3.567377624051528
-3.56880485413834
-3.5743599717245176
-3.5812929717559667
-3.584765364025774
-3.5870125446724663
-3.588666336071268
-3.582721401407535
-3.561928859371419
-3.551981044758107
-3.556117861735989
-3.5602193318450004
-3.55951005582529
-3.5543788148713618
-3.543720060886737
-3.5316105781714895
-3.519799570517201
-3.5103358954560577
-3.5026518266210553
-3.4940812142208166
-3.4828526334073353
-3.4725930921402592
-3.4643238354082273
-3.459330262643182
-3.4575740314906893
-3.4618964008373574
-3.482000800019163
-3.508606359935498
-3.5333270992127837
-3.553992888989955
-3.5739001304743683
-3.5956662159370576
-3.614747689911147
-3.6351503248675803
-3.6480461823484056
-3.655575833591803
-3.655695504479198
-3.6531248960673928
-3.6532729471354655
-3.658087047895099
-3.665771810491837
-3.6700248757705727
-3.67206728144641
-3.6739270098890024
-3.672288804056724
-3.651995200421972
-3.6325190212745175
-3.6224974638749883
-3.619147609870448
-3.6135543729155075
-3.6047486004408844
-3.589136317385429
-3.569432761245533
-3.550414066599443
-3.5350388224377074
-3.524735573052723
-3.5156986849136898
-3.5050043687935255
-3.493962604572376
-3.485344391213367
-3.4798195325696915
-3.4787550367119366
-3.486029142856233
-3.5101979117997133
-3.554636140678639
-3.601629298926022
-3.6414562754090225
-3.6763454944629332
-3.712608579971464
-3.7503018018811853
-3.7843499009920625
-3.8146205878488035
-3.8329617010360737
-3.8399456399104803
-3.8389037804998756
-3.8385916008042607
-3.8453658077083563
-3.8573030015807275
-3.8673087165011903
-3.871875092905442
-3.873419346130356
-3.8632604890689803
-3.834675627533577
-3.7992907146792962
-3.7781298592518517
-3.7680240025856806
-3.756238280913145
-3.7367375897160264
-3.7090935459867973
-3.676698642247504
-3.645219900029006
-3.618780966856935
-3.598402164540068
-3.5808543758434803
-3.562090378537542
-3.5419556344062277
-3.5221907319354826
-3.508171637888814
-3.5000710700941378
-3.5061213944168563
-3.5326661390565217
-3.573901853202877
-3.6122979825009827
-3.644251357515918
-3.6728389030104136
-3.70222814299223
-3.734017731261974
-3.7645065369138266
-3.788736342383506
-3.8032015421004175
-3.8028590145333383
-3.7927553165383094
-3.7836601589009478
-3.782692836524658
-3.7882031589669434
-3.793123126624772
-3.793244994817528
-3.790099871234547
-3.7706945864056403
-3.7389615343311027
-3.7001930112674346
-3.6751244391723494
-3.6569927180777295
-3.6390932972699517
-3.6156530328585115
-3.585472812036751
-3.550348509904977
-3.515710119529768
-3.487431806939334
-3.466929831006278
-3.452291946046115
-3.438758400466117
-3.4247397229754637
-3.4116030541191886
-3.40441914523281
-3.4039989417171364
-3.417941419395167
-3.45028013965626
-3.504877352768437
-3.57128618353184
-3.6350967451717513
-3.69023877053051
-3.7422298203132365
-3.7958250834753886
-3.849381516245541
-3.8987401806698547
-3.937099504983148
-3.9593562524633104
-3.9656485292642962
-3.9655196652007634
-3.971240090377814
-3.9848113820839637
-3.999877133820522
-4.01007805485807
-4.011542658083023
-3.996546068236809
-3.961723817624163
-3.9205731341327863
-3.883638274878697
-3.857997092584057
-3.8314976411202992
-3.7954745913675403
-3.7511597749676864
-3.7008706348295584
-3.649625986938885
-3.603465275042475
-3.565616174469912
-3.5357069838354924
-3.5087530971773817
-3.482472352190597
-3.457666714614318
-3.439880172104415
-3.4340646446943213
-3.4485100058520373
-3.4892978375056765
-3.5501900159098545
-3.6213281454532136
-3.691405829511163
-3.756088120071606
-3.8191691280907025
-3.883041944335579
-3.9448060766613073
-3.998798456368395
-4.039747282151054
-4.060959361490016
-4.06909716365259
-4.070491056753684
-4.076883072073656
-4.088727257980324
-4.100270866832547
-4.105310900098845
-4.09529774183327
-4.063453862514569
-4.014650324869926
-3.9596611617337114
-3.9033883347143217
-3.8595875344739246
-3.8212819286969686
-3.7749209155241266
-3.7165163017693152
-3.6529589587607205
-3.58989946725634
-3.5333885451604092
-3.4861326134609083
-3.4465928278555378
-3.4097141486476783
-3.3733266074437798
-3.339271491817396
-3.312258920546426
-3.3004442327243697
-3.31163945670569
-3.3488047833107295
-3.4049750467669893
-3.470568998580952
-3.535852710121017
-3.5940674071708067
-3.65003194882837
-3.7064906870227396
-3.7596889112381335
-3.803405402327262
-3.8328147717534193
-3.8447784648832632
-3.8438025552635215
-3.839843149031569
-3.8410568801610343
-3.847064445189672
-3.852781180478993
-3.8493918383957157
-3.827864933845188
-3.784915463032279
-3.736743294934129
-3.6839863240961677
-3.6359900461409937
-3.598908657348296
-3.5613008962251507
-3.5151117953574063
-3.464369937790117
-3.4121158055281295
-3.3639123015167813
-3.325583024231399
-3.29730590591123
-3.2756089611679795
-3.2559179151086277
-3.236882386006742
-3.220427167891701
-3.215116767138865
-3.2266075630244244
-3.2682523156754777
-3.3321092973806237
-3.4103408212349873
-3.4932414561778593
-3.5723319808502696
-3.6501348572439007
-3.625346888258707
-3.600558919273511
-3.575770950288315
-3.550982981303119
-3.526195012317923
-3.501407043332727
-3.476619074347531
-3.451831105362335
-3.427043136377139
-3.4022551673919432
-3.3774671984067473
-3.3526792294215513
-3.3278912604363553
-3.3031032914511593
-3.2783153224659634
-3.2535273534807674
-3.2287393844955714
-3.203951415510376
-3.17916344652518
-3.154375477539984
-3.129587508554788
-3.104799539569592
-3.080011570584396
-3.0552236015992
-3.030435632614004
-3.005647663628808
-2.980859694643612
-2.956071725658416
-2.93128375667322
-2.906495787688024
-2.881707818702828
-2.8569198497176327
-2.8321318807324367
-2.8073439117472407
-2.7825559427620448
-2.757767973776849
-2.732980004791653
-2.708192035806457
-2.683404066821261
-2.658616097836065
-2.633828128850869
-2.609040159865673
-2.584252190880477
-2.559464221895281
-2.534676252910085
-2.5098882839248895
-2.4851003149396935
-2.4603123459544975
-2.4355243769693016
-2.4107364079841056
-2.3859484389989096
-2.3611604700137137
-2.3363725010285177
-2.3115845320433217
-2.2867965630581257
-2.2620085940729298
-2.237220625087734
-2.212432656102538
-2.187644687117342
-2.162856718132146
-2.1380687491469503
-2.1132807801617544
-2.0884928111765584
-2.0637048421913624
-2.0389168732061664
-2.0141289042209705
-1.9893409352357745
-1.9645529662505785
-1.9397649972653825
-1.9149770282801866
-1.8901890592949906
-1.8654010903097946
-1.8406131213245986
-1.8158251523394027
-1.7910371833542071
