0.988108300155756
-0.384914031914761
-1.01775467976884
-0.978718417997816
-0.192551402646653
0.175066922322991
-0.0216208555368403
-0.394374942387455
-0.0836401091199482
0.871717342388559
1.83486078678567
2.01155683531638
1.95610951359148
1.86363180341016
2.12425900811817
2.65715776363319
4.14494023803547
7.23118685665269
8.92788572424564
10.273999312605
11.8300861521046
13.390533757522
15.2393991799294
17.4669974732245
19.9855755517076
22.1528010063752
23.4201099273163
24.0011686527672
23.9645039897557
23.952291725035
24.0786176758768
24.1531590870346
24.029098546207
23.6632472959039
23.2760221716341
20.7957704949516
18.1358482424636
15.5335685322272
12.3417665911347
8.80817148484234
4.84911389637192
1.62085593686503
-0.509776368880583
-1.33692177099655
-1.54962683476414
-1.94995813996043
-2.80543471334454
-3.9060096295466
-4.95219647211221
-5.95586886085888
-3.68880552009368
-2.87915240794322
-3.82329556576219
-5.48993738381931
-6.21110359068426
-6.23391245553279
-5.44916781823422
-3.57500309748504
-1.6982874003157
-0.536107419198371
0.302037033676342
1.04858721554699
1.75491038753133
2.58712410957302
3.25420162397451
3.84220344342849
4.49185004231663
4.68060236563646
0.831270201616067
-0.632417197720471
-2.64928194025899
-5.08697774211289
-8.10452003793486
-10.6483344690117
-12.3148220354306
-12.5576251050584
-11.7048655177754
-11.7085716120164
-12.5293051195469
-13.5995142192763
-14.5519797384287
-15.165948305975
-12.8068694729052
-11.4007400888266
-12.0308889496409
-12.8096120258675
-12.4061473254877
-11.0985248459709
-8.83611994158505
-6.12792113481059
-3.90726076086305
-2.608194253782
-1.71570703889535
-0.969776248207059
-0.157632527333887
0.78659386971945
1.60090884550829
2.43103861024721
-0.0612812114576787
-3.24280542381601
-5.02476862388233
-7.3202776105323
-10.122540472647
-13.5160200115291
-16.2714269011235
-17.8769604536684
-18.2014565476685
-17.9933866553911
-18.2700240790262
-19.1484293999639
-20.273678089959
-21.4072404578728
-22.8895033834008
-20.539385364681
-20.0650347310251
-20.7663083655076
-21.6874433738918
-21.5019965085769
-19.9049248380766
-17.0957544908452
-13.9263141808238
-11.5548424104184
-9.92066502305304
-8.56004366093624
-7.29944696624368
-6.06145553391108
-4.69060613565715
-3.57843049253721
-2.40825400043162
-3.33733484906984
-5.74748192450338
-6.39722228533191
-7.97916369388002
-10.3144142898378
-13.1593217911749
-15.5771031103252
-17.1414361419192
-17.3386398633386
-16.7980560289577
-16.9498080820362
-17.8010785564589
-18.8559741615604
-19.9031291512348
-20.3012366143332
-17.2295967297953
-16.7449548394739
-17.3157955060788
-17.2990403311099
-16.1443578998463
-13.4899169528859
-10.0981104181895
-7.09362056643246
-5.17369546975705
-3.93791572096869
-3.21802195911791
-2.42779961814125
-1.39973206827359
-0.471035869613412
0.266200678676432
-0.895775044672679
-4.84980335712734
-6.67941769239828
-9.11122019406395
-11.7731425123966
-15.0674638229294
-17.7190221161078
-19.5134445929174
-20.0221057052608
-19.9296868417942
-20.2962085886722
-21.3128292246057
-22.6433156121272
-24.0379625703763
-25.6319358870548
-25.8026631034687
-23.801273174174
-23.7865630168734
-25.3922412626068
-25.9048163249758
-25.3040790515837
-23.298891845606
-20.5416520823602
-18.0925635551523
-16.4962112421278
-15.3171278312324
-14.1495834046992
-13.073354841643
-11.8698158601927
-10.9122943123029
-10.1549050066008
-8.58184578562794
-10.8727230517822
-12.7641194472805
-13.4208198159857
-14.6297860369311
-16.7644552693819
-19.1061583353495
-20.9823281882496
-21.7900211365979
-21.4671506422143
-21.3394271488246
-22.1898828550678
-23.2514381011841
-24.3868798612743
-25.6041688117919
-26.5848332446064
-24.1004787655502
-23.224863999875
-23.2524109158355
-22.9986780161985
-21.6047106158279
-18.5654662761978
-14.5992943705606
-11.0025694008656
-8.41797770795043
-6.92797798990476
-5.69614838508286
-4.79874392957715
-3.72335048410646
-2.61168539519603
-1.7115050601835
-0.64631733702863
-4.66825863087263
-6.20899761396608
-8.32342250365061
-10.9433457874482
-14.2514085080433
-17.4497737584664
-19.3794595098645
-19.8833553902761
-19.5146093398792
-19.6835726771436
-20.8060853154647
-22.2060871016049
-23.6489716921398
-25.2038878150684
-26.8381636652394
-24.4797798993547
-23.8254389378282
-25.1179503591109
-25.5764037632095
-25.2072347039944
-23.3606358559342
-20.0715193335516
-16.9202222517207
-14.6786223522127
-13.0724008541496
-11.8959869883583
-10.6530538673434
-9.33680027041379
-7.91068116705798
-6.49143642229975
-4.53333753570062
-7.24840842175537
-8.21129363938234
-9.60429947885139
-11.6840590759759
-14.2293188818709
-16.5313556988703
-18.2250691928043
-18.7699421042991
-18.3065377846932
-18.16938756235
-18.7280757443028
-19.6450212183082
-20.6598242534346
-21.8803621633162
-19.7989557663623
-19.2742394748394
-19.4379307821275
-19.9980227627119
-19.5614278309497
-18.0704346039471
-15.4321009837125
-12.4646500442509
-9.99269690394319
-8.51879122542001
-7.5022995381859
-6.76294798175772
-5.8177879962852
-4.80248930368876
-3.76290309680869
-4.50940421471374
-8.17985766437749
-9.69637195874566
-11.9661960362518
-14.3110160224698
-17.3176747358103
-20.1722187775537
-22.2131104194938
-22.884108620346
-22.5847597239401
-22.585126323346
-23.3296376174935
-24.3238212670449
-25.3749584399198
-26.5296891884618
-27.8185457202325
-24.6740492059634
-24.4075145781034
-24.7876687224235
-25.1033350551704
-24.030462073346
-21.2201487412786
-17.2598316675379
-13.9721271729587
-12.188609978121
-10.7380483043913
-9.48998740109617
-8.31481225375347
-6.81875668001083
-5.37567763150431
-3.87254927620371
-3.79751392188208
-6.88592720750697
-7.98852339257592
-9.74876692511541
-11.9759644927431
-14.707390592985
-16.8447799086098
-18.2000278936102
-18.2991938223982
-17.7542244472562
-18.0038680727353
-18.9509508378376
-20.1127406631254
-21.3198347232149
-21.9266386060293
-19.1660907735464
-18.7062598361183
-19.526436874556
-19.7238186348577
-18.9171376304729
-16.7118086902301
-13.6083391059193
-10.810494347612
-9.06481941629791
-7.97793273800967
-7.16047471138447
-6.44699811935431
-5.58993314704945
-4.88079495883356
-4.05971128875919
-3.13334894650729
-7.41393960748858
-9.41084776495107
-11.7797293443952
-14.3677856399463
-17.5838717913873
-20.1124918985572
-21.8539849725527
-22.3099096766323
-22.0488104077434
-22.4043819649921
-23.3709128771891
-24.4211141691594
-25.4796105656353
-26.7097219694409
-28.1806633480812
-25.7862860825086
-25.3113267341036
-26.0477958292364
-26.7714612326873
-26.3962495698672
-24.2267548811419
-20.6904135182044
-17.3679353391024
-15.0331388613724
-13.4810545594341
-12.1731617559584
-11.0102872186808
-9.71527003378908
-8.34938626270072
-7.06109067367521
-4.96764822579949
-6.29339168911859
-8.31315457685469
-8.71448277386859
-10.1406533665445
-12.4201397309889
-14.6735521848885
-16.0606497682516
-16.8551066050634
-16.6328533163385
-16.4903880162693
-17.2761092863732
-18.3958811886235
-19.6552789841037
-21.0268127768506
-22.1991688444363
-19.6752473820354
-18.9483231254705
-19.4470409587039
-19.4061824123497
-18.3703916660727
-15.9482340293865
-12.4728964154564
-9.34122646497552
-7.21596211663062
-5.92307855526116
-5.01214166467873
-4.16082666677298
-3.22369155509009
-2.13755478242983
-1.22380344248632
-1.91988356149429
-5.91386659016937
-7.42419465744435
-9.66924024553653
-12.3174145288326
-15.6120176328559
-18.3686660948585
-20.3326963290698
-20.8515043039356
-20.481024283855
-20.5669326395653
-21.2784917242304
-22.3501606609738
-23.6227833065318
-25.2321411220871
-24.9039837675449
-23.2171466323284
-23.2642973105732
-24.4873255859923
-24.5603752461765
-23.688629789904
-21.5055342419309
-18.5575550610777
-15.8394625068052
-14.0437085194829
-12.7172216458802
-11.7408031219856
-10.5886415535298
-9.5004911535087
-8.40025894547461
-7.52149519248014
-8.45775738193676
-11.5132923743791
-12.5869332059621
-14.2701811141989
-16.4903440288807
-19.2993399167359
-21.8467264276241
-23.7759892388341
-24.2601209033186
-23.7158075443832
-23.6984418511056
-24.4110207597311
-25.3938472828872
-26.4474867058985
-27.671626594289
-26.1675527527307
-24.7954517922194
-24.7258301182411
-25.0590925759441
-24.3167960672038
-21.8264031312581
-18.2431983723009
-14.9524625732792
-12.5929979561146
-11.0452516689876
-9.83560879253491
-8.78003429918273
-7.63707740713677
-6.32303386149873
-5.29975324878654
-4.39490458231516
-7.98135177218259
-9.40015524130386
-11.0650573673847
-13.0359480568133
-15.6495007638129
-18.5422128330199
-21.0398265798678
-22.1579728720046
-22.128009679863
-21.8676887551203
-22.6306643753596
-23.8778326422075
-25.2219350254096
-26.7052793405384
-25.9930659423707
-24.2715111283757
-24.2692335872037
-24.8959173002065
-24.607353903598
-23.0455255359295
-20.0361202284599
-16.5464973070535
-13.6356493448307
-11.7654223108384
-10.5329602030976
-9.43063156921472
-8.48347275211363
-7.11899524042331
-6.03124138105711
-4.80396278236462
-5.4618280326959
-9.69041292453736
-10.9333369244197
-12.7857670771793
-15.0302402236817
-17.72599731536
-19.5662529321528
-20.5457666136018
-20.2844396931806
-19.8022825020227
-20.4768565852306
-21.4675426429714
-22.4732693461892
-23.6021203562579
-25.005119192137
-24.0880604790572
-22.6181357665238
-22.8165382294081
-23.5675736581192
-23.292352948641
-21.4649897287632
-18.2383492771734
-14.9335272934555
-12.4225044435366
-10.8474044393462
-9.64072089505628
-8.60951291668549
-7.54613284411113
-6.38433051412263
-5.50918682649816
-4.45747890067392
-3.67452816694056
-7.70651828035153
-8.856329242521
-10.7411326101194
-13.0632878537964
-15.7099977005672
-18.1643735897884
-19.713648836558
-19.9279089891187
-19.4300706524623
-19.8352127636411
-20.9070202570238
-22.1508638065256
-23.5093772925036
-25.1289438213968
-23.7206768853689
-22.1416052796438
-22.5069635053692
-23.2227409376349
-22.8570646505975
-21.0060031126577
-17.7607876946181
-14.4659294126479
-12.0177441019797
-10.5087969215644
-9.36848963115195
-8.41697787409782
-7.35667525004516
-6.12612571216081
-5.12028086381281
-3.71150517357442
-6.23756665280325
-9.29038025993978
-11.4619424741028
-13.8873789854687
-16.5666348147784
-19.3166896943658
-21.2598709738054
-22.1296244138732
-21.7618361105833
-21.1455237387222
-21.277453395595
-21.9159216574911
-23.097775977858
-24.460153456153
-24.5374709950983
-22.1823332671747
-22.0001751362088
-23.3769880693771
-24.0823443363255
-23.9259071026689
-22.7258518401225
-20.583923171808
-18.4284519893137
-16.8808799367265
-15.8078973342939
-15.1930259501848
-14.2272977845263
-13.6000968083053
-12.7004678889029
-12.1323102210449
-14.7070314236229
-17.7777243045366
-19.4692801608777
-21.3255063048086
-23.4152052527346
-26.350451085868
-29.3033617538318
-31.4967471153444
-32.1013272042915
-31.5860229900308
-31.6336843506136