1.95868249719958
0.681613832781205
0.86737439904497
1.24306308328963
1.53849692953279
1.442290047684
1.17444882249885
1.0984817509406
1.79429646428848
2.79627804649332
2.76386450140059
2.67815840613222
2.27904030039732
2.27998917722531
2.65482643767832
3.20922296019287
4.98654538042207
7.78430294048834
9.31809717618174
11.0701334357858
12.4323109401466
13.5809711889108
14.9081543425246
16.7187604656361
18.6041915896718
20.2326425752216
21.2114438156946
21.5261414856217
22.1027763246854
22.6094068644334
23.1385099913022
23.5005920864602
23.7408485052167
23.5483420136654
23.3110900414462
18.4822531735412
16.0461646277576
13.341802199169
10.8467877242476
8.67834441567531
5.96917704586887
3.0708498571088
1.15102287528268
0.170399820915926
-0.146165617150427
-0.428941210967686
-1.68915231245559
-2.89570182812119
-3.83121522860683
-4.53931556817145
-4.88791604104719
-5.20015875580293
-3.5101534807256
-1.63856777194837
-0.784631030953138
-1.76155125104209
-2.2533355638104
-1.83998236886974
-0.239062921685694
2.07180749282853
4.21419562613457
5.69748308754224
6.66473108109062
7.73369953889276
9.08999056528275
10.6262595311653
11.9292793612316
12.8692096079547
13.2859960478695
12.412806012772
8.96314359493886
6.27574713612008
3.80762925971345
1.66820889342523
-0.76154693825112
-3.65077927973992
-6.39555418998467
-8.12262663685555
-9.45117644527364
-9.73436497979432
-9.72733420784037
-10.480220416882
-11.7707744466531
-12.6872271462127
-13.5711373466823
-14.3894207669356
-15.2724825176367
-15.9141782080579
-13.8974476451517
-12.454543828294
-12.7226691376345
-13.9722975201243
-15.1474854302867
-14.8882867711973
-13.342335000564
-11.2038427166682
-9.08212294398546
-7.74251232562295
-6.59837379203969
-4.99892615972632
-3.14458891561052
-1.35290462462702
0.230599356881007
1.15373966813597
0.073776212852042
-3.27471583570903
-5.94337946032144
-8.17369477540576
-10.2385906481821
-12.3530764038761
-14.5001721649083
-16.8565324939167
-19.1755962789888
-20.7333626576229
-20.5086803645807
-19.9627297982159
-20.8854357595822
-21.9035489257515
-22.6031395203797
-22.928104177295
-23.4507071246332
-24.1143434069149
-24.6025098365119
-22.7927377879835
-21.0334798259218
-20.5287651198883
-20.8999402593286
-21.43577101569
-21.1306359272039
-19.6417251765347
-17.5354928218807
-15.3032290415012
-13.7518155884397
-12.5493967870284
-11.1835171730235
-9.44159625273061
-7.69529778531791
-6.18677579848186
-5.24876340160894
-7.47249786321605
-10.4790148390723
-13.2799948856672
-15.2161028136228
-17.5027980017687
-19.4211519845126
-20.9951822396964
-22.9569124873099
-24.9578106980961
-26.1578278342954
-26.1383367908921
-26.0329979471184
-26.2624944441054
-26.7256608481089
-27.2213150322385
-27.4373342293451
-27.7646904425905
-28.0546620163594
-27.1327194203714
-24.8244000176523
-23.0522042857227
-22.2415977316576
-21.7213549167981
-21.4076012764037
-20.4331075856983
-18.5428653567043
-16.0856031670712
-13.8296888980965
-12.3476541637025
-11.2751357391907
-10.0273643497983
-8.47053418285681
-6.98632957807299
-5.67736552433887
-5.04602462364923
-7.86566516923768
-10.9797114418108
-13.3873556359746
-15.3885668846758
-17.3007595576754
-18.9537419587461
-20.640126454552
-22.5575066853293
-24.0646443698596
-24.6445289772247
-24.1830383664188
-24.3944752991576
-24.831358010664
-25.3646791280046
-25.7380319618238
-26.2802511647227
-26.5080787733104
-26.590030445653
-24.5564910422008
-22.8404615766939
-22.1921715784368
-21.5727504534635
-21.234648347252
-20.3008196332574
-18.489163977446
-16.0934316467958
-13.5635305948451
-11.7066652117863
-10.3917898883829
-9.15018255425626
-7.63150579786704
-6.00734778170093
-4.55596399859679
-3.6772840416902
-6.3804680133602
-9.54999814006582
-12.0224131211483
-14.2612842024564
-16.5431587172689
-18.3816331532598
-20.0980228420831
-21.954534254008
-23.3667962399269
-23.820515898022
-23.3530811917391
-23.9204788287555
-24.3438612809222
-24.8967356267908
-25.1940757140299
-25.2505456106461
-25.3850295179901
-25.2604151271421
-23.0908986019446
-21.3373032866889
-20.0492024692704
-19.0774083792723
-18.3000039263183
-17.3195323275311
-15.7717259509186
-13.6991289875585
-11.3519813361928
-9.52498875516466
-8.52481015333085
-7.60886226580573
-6.5153988216141
-5.33142519018107
-4.08059916734869
-2.98442579322035
-3.43263105856027
-6.19863153327696
-9.56829590501976
-11.789754545043
-13.2133452561212
-14.5054762841727
-15.9511018983302
-17.3299889073976
-18.5008899173516
-19.0677059805044
-18.8915283059908
-18.4385852673613
-18.6735164551604
-19.335410560146
-19.833184070914
-19.9300434420116
-20.0924260517417
-20.0007785903636
-18.0440987478789
-16.2051308506143
-14.733952253104
-13.4022537678133
-12.3322724667528
-11.2509729097893
-9.24306628527092
-6.58313200469603
-3.72014477727818
-1.61831057966161
-0.322407609693837
0.705950752552897
1.78196451596975
2.74974044640242
3.87188138209114
4.88841942094516
5.32495045704844
2.6291351929418
0.291531794599631
-1.76238876120207
-3.31195839062342
-4.83489530713274
-6.69719037824073
-8.63882636358831
-10.1633007137729
-10.8336002198285
-10.8055143935023
-10.4277075584447
-11.0144944705027
-11.6965167910169
-12.531509883631
-12.9529969972052
-13.2932165347817
-13.5897406603926
-13.6981015062664
-11.8595724425651
-10.1812354407939
-8.80622938255347
-7.82769198056441
-7.17616917781087
-6.68930717370487
-5.28536410256376
-3.08274189149187
-0.85382466647703
1.21715993697465
2.56507726093885
3.34892283751134
4.41718570958707
5.40667596055087
6.51742383658369
7.51778291528905
7.9902606777181
5.15507681802406
2.72654698414343
0.648000224981083
-1.19125083226737
-3.02805449698042
-4.99585842451715
-7.02517328735442
-8.75808298135515
-9.67739321566077
-9.71369065973979
-9.4714646757208
-10.0684213290711
-10.7739263767719
-11.6719318817578
-12.3232578971173
-12.419051558194
-12.5017370554902
-12.4820841348045
-12.3432354707173
-10.5519279482355
-9.02857785408083
-7.70343958922049
-6.92141570358348
-6.31539934594389
-6.22544901002149
-5.60521990244094
-4.04391614440544
-2.43259452485023
-1.18832310701963
-0.762436835161094
0.258276662494165
1.57893049267705
2.40704730595793
3.52510820488929
4.44641381410307
5.09408067252584
2.42783254758158
-0.392101099825162
-2.52129475076149
-4.22068932908081
-5.76302493531573
-7.77949317118858
-9.66623574730384
-11.3673691755086
-12.8446083453733
-13.4353546724726
-13.1941863465231
-13.2387518417021
-14.0353544321842
-14.6909577557425
-15.508378296111
-16.0679697101942
-16.0510816456478
-15.6193349839076
-15.2578799154199
-14.8103512691717
-13.9437950213133
-11.4990188368261
-9.97069054019956
-8.70734330932005
-7.74803149784592
-7.14895773556014
-6.83536894801522
-5.91030848753647
-4.46541899139319
-3.33205610130989
-2.60336734302479
-2.45320800019579
-1.71632819984166
-0.405671513316651
0.393499974400678
1.30655555286387
2.0712736711114
1.85336842869352
-0.436576565437199
-3.73781966935294
-6.0841988348743
-7.88476450624272
-9.93034683485131
-12.1403608754995
-14.2453054395054
-16.0432083479808
-17.485339126609
-17.9475518636062
-17.5950151890253
-17.8246658854628
-18.489699052221
-19.0362428871397
-19.6827630719518
-20.0255251230744
-19.7823005968807
-19.0167861501086
-18.3659624421595
-17.6569889479155
-16.2197955089651
-14.1194927759606
-12.7420792372985
-11.3356296749406
-10.3792760964794
-9.60527857848173
-9.25943573169823
-8.35273031232465
-6.91629774964887
-5.77355172465025
-5.00170188737772
-4.79929483631666
-4.07406381682459
-2.68696338469062
-1.88972977570004
-1.00760079480139
-0.214195775584977
-0.742042362734758
-3.23366138131891
-6.45414582481972
-8.76595510994484
-10.5090512395843
-12.5095256588793
-14.8403122823349
-16.6678929274941
-18.2375165867551
-19.3996778092076
-19.5180029295331
-18.9790664309222
-19.418822035914
-20.0746482880725
-20.5775452879015
-21.0685492424323
-21.1691501079674
-20.7238962968938
-19.7693077942824
-18.9955036964537
-17.9027985206869
-15.4029566252978
-13.4558034558689
-12.2758185207754
-10.7658398923821
-9.52686157792754
-8.67849860140464
-7.74160537706575
-6.14965979440889
-4.58117105110229
-3.37672825461019
-2.87142161622149
-2.55875650990928
-1.63168577086192
-0.0334634209440288
0.701333004006797
1.48534471258537
1.99072843144665
0.630923409222807
-2.68685101798944
-4.64042483200711
-6.2998430142877
-8.02452616263627
-9.74363010266474
-11.733159466717
-13.3364893081282
-14.873068570536
-15.772156803367
-15.6054087555306
-15.1691297555006
-15.9598638859753
-16.8187741576653
-17.5809292366398
-18.0417942764808
-18.2285528338476
-17.7790860010586
-17.1243322362399
-16.6214100407821
-15.9505048014776
-13.5940435998361
-11.970014967466
-10.804264189989
-9.26881483974281
-8.19102261693302
-7.5426885042063
-7.08390857443403
-5.90322117145118
-4.65475129179262
-3.64715705296909
-3.25631729439114
-3.05090266072614
-2.28553694503386
-0.702505825761193
0.120695012701378
0.890194630763134
1.55647175736667
0.0131726664740019
-3.52569032480111
-5.4270102149079
-7.22265797603387
-8.90027289747888
-10.6863912592321
-12.9448849582583
-14.8128547519102
-16.4990259637183
-17.640581028927
-17.7034785053132
-17.3236302107089
-18.1379397734564
-18.9587349894135
-19.5453009505657
-20.016094505558
-20.1178911646291
-19.7215565153609
-18.8287380201287
-18.0459271738014
-17.1737156419184
-15.5251720730951
-13.2128687199074
-11.8750095623382
-10.5132141498992
-9.42075273516269
-8.47788728112324
-8.01570863329019
-7.12502321114451
-5.72923778182955
-4.60197023656289
-3.81840618260961
-3.65605312069397
-2.9066478914385
-1.68615637637822
-0.987087774746832
-0.116517645308419
0.63157495618346
0.685728859648438
-1.3796044060889
-4.75847180229375
-7.08221772542738
-8.86648102602719
-10.7620175863761
-12.8327278636803
-14.8600349526946
-16.4347590725415
-17.7708113039703
-18.2755720691671
-17.8212887957027
-17.8522009905989
-18.424979751475
-19.2900806729767
-19.8320195263466
-20.0826100724731
-19.9020740550139
-19.2011607556277
-18.2888920263513
-17.4292415015365
-15.9865034280826
-13.2111911844474
-11.560373384718
-10.2567414136105
-8.98950159133327
-7.85646890957326
-7.15796081824019
-6.07537505982611
-4.53796624769317
-3.15541055242457
-2.24559073306499
-1.99939216470222
-1.24097284447004
-0.0464932919844797
0.649121914890705
1.5182351359937
2.23745488363605
2.77953505999722
1.05432593649861
-1.90955932577443
-3.92511117568879
-5.58697847692167
-7.17281075601867
-8.75910510017159
-10.7119383736955
-12.4655446411182
-14.0908578814682
-15.1883783861973
-15.2518467600015
-14.8767804082063
-15.4869235150198
-16.3134736258883
-16.9540314133783
-17.5305058017612
-17.7894771416582
-17.5348590083192
-16.8672548240632
-16.361596519563
-15.7502277815828
-14.3060626683253
-12.5633233354447
-11.7426908243609