11.78853467105242
11.741350548961886
11.694166426871353
11.64698230478082
11.599798182690286
11.552614060599753
11.50542993850922
11.458245816418687
11.411061694328154
11.363877572237621
11.316693450147088
11.269509328056555
11.22232520596602
11.175141083875488
11.127956961784955
11.080772839694422
11.03358871760389
10.986404595513356
10.939220473422823
10.89203635133229
10.844852229241756
10.797668107151223
10.75048398506069
10.703299862970157
10.656115740879624
10.608931618789091
10.561747496698558
10.514563374608024
10.46737925251749
10.420195130426958
10.373011008336425
10.325826886245892
10.278642764155359
10.231458642064826
10.184274519974291
10.137090397883759
10.089906275793226
10.042722153702693
9.99553803161216
9.948353909521627
9.901169787431094
9.85398566534056
9.806801543250026
9.759617421159493
9.71243329906896
9.665249176978428
9.618065054887895
9.570880932797362
9.523696810706827
9.476512688616296
9.429328566525761
9.382144444435228
9.334960322344696
9.287776200254163
9.24059207816363
9.193407956073097
9.146223833982564
9.09903971189203
9.051855589801496
9.004671467710963
8.95748734562043
8.910303223529898
8.863119101439365
8.815934979348832
8.768750857258297
8.721566735167764
8.674382613077231
8.627198490986698
8.580014368896165
8.532830246805633
8.4856461247151
8.438462002624565
8.391277880534034
8.344093758443499
8.296909636352966
8.24972551426243
8.267778660227302
8.274436747094978
8.26506047632365
8.240763582938348
8.199520563630744
8.142638789906739
8.074805583133825
7.998406819070813
7.91404039383147
7.820485105080636
7.716094204850904
7.601695361926539
7.481877716484987
7.362216596435569
7.248132187849288
7.142757662131494
7.04729179322904
6.927378502219028
6.799669645170943
6.674110556626433
6.546461216160306
6.429714958296815
6.327567854756799
6.237307688174395
6.152472335364412
6.06815763606945
5.982878933648164
5.897532245601053
5.812654954426489
5.7290524661962445
5.647058155332494
5.564552458763967
5.478996591802879
5.395200265600647
5.3138401304706395
5.234529219525226
5.1759692964302095
5.111398932831518
5.050562695363692
4.990516625175089
4.927094595626121
4.861303441689795
4.793304442315342
4.723936788381815
4.6559870153507115
4.589785703357846
4.524540008689231
4.459821775037132
4.394452122012147
4.327224886194256
4.258452559909365
4.190081861291957
4.123780850670453
4.058935417287119
3.9960345758185336
3.9242100090264516
3.8434838251097134
3.767423888154811
3.687125991220722
3.6128467318183195
3.5487170595484128
3.493499562319671
3.4422853108116858
3.3910353567640033
3.338789301139541
3.2864846912325247
3.2348188371273845
3.184316487901796
3.135328064996158
3.0855782433767964
3.032110325731937
2.978514108237888
2.9252923614806527
2.8715078744358244
2.8362001347902277
2.7939463637003614
2.7549091137505815
2.7156225704767465
2.670931483907441
2.621614481181786
2.5685936151645414
2.513150051375019
2.458620704857411
2.4051099489440095
2.3516497721003398
2.2974458301927476
2.240896027148859
2.18125511439464
2.1193648379897216
2.057916121298425
1.997690957298983
1.93830105153779
1.880142088878504
1.8101059180227943
1.7320718221611648
1.658467138733679
1.5801920657684707
1.5068006706325678
1.441968145408559
1.3844895503139174
1.3300726509992582
1.2752210178260879
1.2193166580377781
1.1633993883796547
1.1081533114096338
1.0541699995912448
1.0019878604849888
0.9495252700322182
0.8938677467780842
0.8388034656069333
0.7847340262204234
0.7307630242025773
0.6969812487777284
0.656564587959258
0.6195672600604311
0.5822748535736851
0.5397304118938131
0.49304175882397294
0.44325557318391906
0.39144492236668776
0.34080256498297185
0.29141318562536095
0.242353174668973
0.19300081984939554
0.14182183478170066
0.08800296030971003
0.03230662613705494
-0.022710676931525425
-0.07673334413640277
-0.1302236236670124
-0.1831097495167765
-0.2479202026939536
-0.32135509103485427
-0.3901459841345163
-0.4638795491832282
-0.533180799391301
-0.5943403765716638
-0.6485663210345085
-0.6999554912739302
-0.751987087781717
-0.805253571124571
-0.8587282366522023
-0.9117421374839112
-0.9637226493256679
-1.014078205457023
-1.0648079772577708
-1.118806789225781
-1.1722285970187942
-1.2246293777018928
-1.276959489593205
-1.3090623145468834
-1.347955456696419
-1.3833514303245873
-1.4192798840986416
-1.460879131932329
-1.5068692996525506
-1.5552716002766933
-1.6053678790741162
-1.6542849263632917
-1.7020153991542406
-1.7497115825525673
-1.7982128300772091
-1.8492178502182606
-1.9034320579823034
-1.9600422885881221
-2.0163470394507788
-2.0716776044740075
-2.1267429604654473
-2.181231541671293
-2.248246171418592
-2.323192863542178
-2.394172704152408
-2.4700628693311653
-2.5414525110857884
-2.6045682835746553
-2.6608300280219686
-2.7143593461036564
-2.7685583855273213
-2.8239847875243873
-2.879619628976916
-2.9348185964086415
-2.9890181416725286
-3.041663074713424
-3.0947673757367116
-3.151087939215719
-3.2067697297962523
-3.2613953025108824
-3.315803592351941
-3.349787068976498
-3.3913361826064605
-3.4294236245918652
-3.4681232727798785
-3.5124684846162673
-3.5610200863549406
-3.612463517532698
-3.6657279360061117
-3.7175436937674955
-3.7677717515691693
-3.817428494571326
-3.8671542588797765
-3.9184882291768637
-3.9721519773027056
-4.027384644883628
-4.081704363137382
-4.134826456601322
-4.18735631275345
-4.239397967538231
-4.303829283079178
-4.377102142851421
-4.445622443751774
-4.519228212645309
-4.588621469297573
-4.649877976404369
-4.704330297048575
-4.7561147852904595
-4.808767060014107
-4.862912830685548
-4.917540828014094
-4.971990779482081
-5.0256761462016595
-5.078006981506439
-5.130965488343522
-5.187337200472356
-5.243171990575216
-5.298153844602856
-5.353094174709568
-5.387339462656732
-5.429000503042472
-5.4671442759062066
-5.505938593328043
-5.5508357741379095
-5.600550025165979
-5.653734944927353
-5.70929111125405
-5.763780635924624
-5.816619893776572
-5.868620376232054
-5.920524572004453
-5.974043708979659
-6.030014141093842
-6.087752793194518
-6.144952163592944
-6.201185520085076
-6.257078921298466
-6.312585431539549
-6.380576050298636
-6.457143999482502
-6.529776332565913
-6.607977615505924
-6.6822182531865195
-6.748157176111048
-6.806981521183004
-6.86294337139293
-6.91957252624292
-6.977421853079837
-7.035395905664792
-7.092775675622088
-7.148905013008677
-7.203161529597669
-7.257589644640773
-7.31506298048384
-7.371822512859689
-7.427527515053018
-7.483044071468978
-7.517749686507885
-7.558784744687738
-7.596061695988238
-7.633992387080356
-7.678193915224787
-7.727391738526818
-7.780398762438295
-7.836242974762394
-7.891593229514031
-7.945695876413031
-7.999269432575798
-8.05299157817846
-8.108518692666626
-8.166660682181275
-8.226740037437859
-8.286323537919898
-8.345077597859778
-8.403562523039051
-8.461689611040374
-8.531961614224098
-8.610967680874761
-8.686021863834604
-8.766280184307142
-8.842374022606391
-8.910051058102074
-8.970575992893002
-9.028118495449029
-9.08607663952392
-9.14492139254386
-9.203529715106875
-9.26118617728026
-9.31726155037844
-9.371191661571933
-9.42510651232578
-9.48197480697617
-9.538085633819824
-9.593202841967434
-9.648190685167538
-9.682213687384872
-9.72252953915397
-9.75905866038081
-9.796306589902716
-9.840180834090319
-9.890215375047786
-9.94475086696221
-10.002368680569342
-10.059591020437908
-10.11550253401658
-10.170688607932046
-10.225662115459306
-10.282065372219941
-10.340603263325933
-10.400644995197316
-10.460031680232815
-10.5180365007984
-10.575408650717552
-10.632055490176226
-10.701082496942515
-10.778371161776207
-10.851543423133084
-10.929912400069387
-11.004042370749577
-11.069513416275194
-11.127658147785935
-11.182779757950243
-11.238371003647023
-11.294912464613944
-11.351258562828882
-11.406648094820321
-11.460416142686674
-11.512026547747508
-11.563692314547847
-11.618402879206355
-11.672358773696523
-11.725436743538546
-11.778396951740467
-11.809439258686119
-11.847324876553518
-11.881233421107769
-11.915930711882126
-11.957575166158703
-12.00490017216377
-12.05647119530797
-12.11136488690401
-12.16621965755441
-12.220205555957087
-12.27408967165918
-12.328517731591257
-12.385070895048779
-12.444383161653846
-12.505575879206841
-12.566103056809538
-12.62536218770515
-12.683875195417036
-12.741500643279267
-12.810743469528477
-12.888969342822975
-12.962811633136505
-13.04165761911282
-13.11625019055654
-13.182373348657245
-13.2413124236816
-13.297234138356446
-13.353558977647557
-13.410754766429381
-13.467711347967258
-13.523711565699733
-13.578127372121145
-13.630433510436111
-13.682783936801746
-13.738193855971627
-13.792708832278183
-13.846234098566532
-13.899514001800988
-13.931217849720474
-13.970109554119063
-14.005090523035427
-14.040771603502815
-14.083299801740072
-14.131371658680843
-14.183410510671418
-14.238484443439576
-14.293490505969277
-14.347829688759997
-14.402266388381976
-14.45730196947797
-14.514332623813473
-14.573805719560598
-14.634665324087946
-14.694245167198757
-14.751864659737443
-14.808107293823287
-14.862960744232046
-14.929561474483782
-15.00447636852543
-15.07465478195062
-15.14984959134449
-15.220674805632028
-15.283082010278987
-15.338321536630962
-15.39063913847918
-15.443531509049478
-15.497544310005551
-15.551569726210102
-15.604891188070114
-15.656906263120698
-15.707049552199388
-15.757371415536923
-15.810677233935841
-15.863121759657702
-15.914511671715916
-15.965645452492497
-15.996064743087453
-16.033982541960444
-16.06791656770177
-16.102635164253833
-16.144485453224743
-16.19204597542382
-16.243465045447696
-16.29778396758974
-16.35201318255541
-16.405650557465595
-16.459550169138552
-16.51425151637966
-16.571175079289624
-16.63070004931991
-16.69162500885246
-16.75114359569242
-16.808458481469618
-16.86418833309406
-16.91827369536386
-16.984138537723563
-17.058754622232627
-17.12859090867725
-17.203512770453255
-17.27427369858903
-17.336827515432287
-17.39239011932972
-17.445309114844456
-17.499171552959833
-17.554554855285442
-17.610383625902372
-17.66595308654146
-17.720647320483753
-17.773857676240798
-17.81214725892662
-17.85043684161243
-17.888726424298245
-17.92701600698406
-17.965305589669875
-18.003595172355688
-18.041884755041504
-18.080174337727318
-18.118463920413134
-18.156753503098948
-18.19504308578476
-18.233332668470577
-18.27162225115639
-18.309911833842204
-18.34820141652802
-18.386490999213834
-18.424780581899647
-18.463070164585464
-18.501359747271277
-18.53964932995709
-18.577938912642907
-18.61622849532872
-18.654518078014533
-18.69280766070035
-18.731097243386163
-18.76938682607198
-18.807676408757793
-18.845965991443606
-18.88425557412942
-18.922545156815236
-18.96083473950105
-18.999124322186866
-19.03741390487268
-19.075703487558492
-19.11399307024431
-19.152282652930122
-19.19057223561594
-19.228861818301752
-19.267151400987565
-19.30544098367338
-19.343730566359195
-19.382020149045008
-19.420309731730825
-19.458599314416638
-19.49688889710245
-19.535178479788264
-19.57346806247408
-19.611757645159894
-19.65004722784571
-19.688336810531524
-19.726626393217337
-19.764915975903154
-19.803205558588967
-19.84149514127478
-19.879784723960597
-19.91807430664641
-19.956363889332223
-19.99465347201804
-20.032943054703853
-20.07123263738967
-20.109522220075483
-20.147811802761296
-20.18610138544711
-20.224390968132926
-20.26268055081874
-20.300970133504556
-20.33925971619037
-20.377549298876183
-20.415838881561996
-20.454128464247813
-20.492418046933626
-20.530707629619442
-20.568997212305256
-20.60728679499107
-20.645576377676885
