9.502684506523297
9.456080776141635
9.409477045759973
9.362873315378309
9.316269584996647
9.269665854614985
9.223062124233323
9.176458393851659
9.129854663469997
9.083250933088335
9.036647202706673
8.99004347232501
8.943439741943347
8.896836011561685
8.850232281180023
8.803628550798361
8.757024820416698
8.710421090035036
8.663817359653374
8.617213629271712
8.570609898890048
8.524006168508386
8.477402438126724
8.430798707745062
8.3841949773634
8.337591246981736
8.290987516600074
8.244383786218412
8.197780055836748
8.151176325455086
8.104572595073424
8.057968864691762
8.0113651343101
7.964761403928438
7.918157673546775
7.871553943165113
7.824950212783451
7.778346482401788
7.731742752020125
7.685139021638463
7.638535291256801
7.591931560875138
7.545327830493476
7.498724100111813
7.452120369730151
7.405516639348489
7.358912908966826
7.3123091785851635
7.2657054482035015
7.2191017178218395
7.172497987440177
7.125894257058514
7.079290526676852
7.03268679629519
6.986083065913527
6.939479335531864
6.892875605150202
6.84627187476854
6.799668144386878
6.753064414005215
6.706460683623552
6.65985695324189
6.613253222860228
6.566649492478565
6.520045762096903
6.473442031715241
6.426838301333579
6.380234570951916
6.333630840570253
6.287027110188591
6.240423379806929
6.193819649425267
6.147215919043604
6.100612188661941
6.054008458280279
6.007404727898619
5.985965385935015
5.950586591365541
5.904046438998568
5.848699235825988
5.783175973706463
5.70800415551625
5.626394351073047
5.540175842146774
5.449906416180667
5.354600976103262
5.252869727800529
5.14545228255055
5.0352804967148055
4.926475169570751
4.8240977198104895
4.730514443125101
4.645132552174613
4.538507602427556
4.440156736013722
4.337467803342984
4.235844294050134
4.144131704157814
4.062094587959009
3.9927026944572814
3.9336100032312484
3.8790416881942735
3.8245283580655096
3.767914187360923
3.707390981290782
3.641615392161374
3.5709588998011035
3.492564989046828
3.410637289589438
3.3275329518020533
3.244696438858409
3.1641379560237337
3.099076460784026
3.024375277443796
2.9511178730732097
2.875763924191505
2.7979593499688264
2.7190279900822447
2.6374524200869907
2.5538757991903847
2.4717540607560933
2.3929244138868055
2.3177315930893116
2.2454040706030924
2.1746612802170935
2.1046872065183604
2.0354924174593845
1.9682567045262003
1.9047564089529423
1.8451179246571385
1.7880365077868168
1.7195779548855457
1.652244516179299
1.5754632971602178
1.4932544331690576
1.4145460101332987
1.343136329525701
1.2813050850550185
1.2257764664683086
1.1724061951471774
1.1183822806220134
1.063065610636303
1.0053748495498853
0.9443944068342589
0.8797325720923185
0.8086078886263336
0.7352618771604894
0.6608725621702028
0.5873403421208836
0.5161881608501548
0.4715864083981082
0.4198122033468526
0.3693092463955751
0.31467559598128075
0.2542959674403332
0.18916557653815524
0.11825667699348122
0.042689298983412144
-0.03361714086452286
-0.10851249412653066
-0.18139317946112637
-0.2534138815061571
-0.32650137518745503
-0.4011152024604799
-0.477172379419082
-0.5534034638694071
-0.6275992614699636
-0.6992939739036954
-0.7692682445492669
-0.8591502940062271
-0.9440217251055579
-1.0358323501290796
-1.1320777214507929
-1.2252019702107124
-1.31221935250785
-1.3905553797328642
-1.4628154469907177
-1.5324089043497495
-1.6015220513462038
-1.6699823490018502
-1.738333931720899
-1.8073533260497843
-1.8774910131478555
-1.9521968626375776
-2.027958428730678
-2.1044001862082347
-2.180229304414305
-2.2524233104405806
-2.2974454767014123
-2.3460320286322993
-2.393151581018765
-2.4448171482449057
-2.5029117039822597
-2.5656052160692715
-2.633536359191018
-2.7057556497101447
-2.7784104504243055
-2.849464911530195
-2.9184145340888783
-2.9867074301594685
-3.056236720737528
-3.1273588738416973
-3.200187393199271
-3.2735755606682635
-3.3456188762631034
-3.415974620531264
-3.490562437997441
-3.581285207145406
-3.6636521925061047
-3.75022346120733
-3.8392937468994033
-3.9246367729154144
-4.003972406402408
-4.074948664269967
-4.1397076849688474
-4.201036264305312
-4.260749330434987
-4.318638986545545
-4.37543150315441
-4.4318511693900415
-4.488760283182089
-4.549888627835108
-4.612520788310072
-4.676371408043426
-4.740636584944741
-4.800664529845808
-4.8351917609416795
-4.8756673313114485
-4.91436717287928
-4.957512620482133
-5.006855095210116
-5.060313587063069
-5.1185288096471675
-5.180482448404582
-5.242425259556219
-5.302385746059674
-5.359852425933506
-5.4160165610312525
-5.472825719735771
-5.530541159989066
-5.58947768014916
-5.648894544194216
-5.707304334284868
-5.764785403054073
-5.822541450843223
-5.9042648266142
-5.976916640356652
-6.055276730244069
-6.137941504359299
-6.21734153441521
-6.291353262766535
-6.357047309361538
-6.416182350958745
-6.471718126560561
-6.5256670351948705
-6.578118179430641
-6.629653741430016
-6.681079364137857
-6.732632247056845
-6.787438346033104
-6.843381820520484
-6.899545957006853
-6.955584680375652
-7.006557506720494
-7.0335060580803335
-7.067878835781867
-7.099995585422466
-7.136556885950184
-7.179401968332748
-7.22659702832548
-7.278723056041891
-7.334884741507722
-7.391073360410015
-7.445262525999769
-7.497247786427499
-7.548375384202022
-7.600511756651862
-7.653610762017765
-7.707864901160602
-7.7622358814400325
-7.815311670651684
-7.867184472086629
-7.92831056732624
-7.994891514973843
-8.056207478732192
-8.12345521004449
-8.19450172594657
-8.262973500541523
-8.326466173606605
-8.382511430483577
-8.432922433422334
-8.4801800926839
-8.526026861963292
-8.570444361328956
-8.614113307689772
-8.657614795818956
-8.701737854120497
-8.750207659589659
-8.79939915883514
-8.849597450989432
-8.899830064998689
-8.94658203912027
-8.96804402177235
-8.995592182635454
-9.021159576160214
-9.051195408360188
-9.088196669219354
-9.130058389872413
-9.17687541699484
-9.227784309037833
-9.278806504558046
-9.327921532191313
-9.374627092571659
-9.420206533992184
-9.466585355392821
-9.513801899796116
-9.561934170863909
-9.610245954070452
-9.657383007028123
-9.703524759496403
-9.749703960478556
-9.813061165888437
-9.870255052169314
-9.932892661724846
-9.998181649709203
-10.059727324570765
-10.115591412261782
-10.163134911116277
-10.204289015945918
-10.241758452407538
-10.277771187152677
-10.312358183056576
-10.346255406415006
-10.380032055741422
-10.414179833053552
-10.452479892515177
-10.491505416278436
-10.531389871614207
-10.571709457060036
-10.610820444063659
-10.625929093097978
-10.645615742242004
-10.66299929948385
-10.684749654719733
-10.714196711601675
-10.74918010275221
-10.789824603381529
-10.834544739889864
-10.87916259023132
-10.921307697366023
-10.960343575716028
-10.99771194999258
-11.03554912400047
-11.074014155244349
-11.113281259778095
-11.15285495841421
-11.191801949213312
-11.230433518209681
-11.269812166235369
-11.32557989029397
-11.374410300605003
-11.429878838060581
-11.48951322176591
-11.547292029107664
-11.601044057452892
-11.647844637504285
-11.689467652862326
-11.728342383651952
-11.766399293645158
-11.80346894605565
-11.840167021402335
-11.876950355236621
-11.914284534653198
-11.95538552885702
-11.99694254525374
-12.039027239669663
-12.081054096523818
-12.11948104918241
-12.131913023095287
-12.149314505449464
-12.16594354635612
-12.188220826370928
-12.219037828337392
-12.255384714128521
-12.29677540436055
-12.341692853928883
-12.386319582712261
-12.42889165455108
-12.469275079114615
-12.50897877186332
-12.549899306361054
-12.591822741140142
-12.634525035853885
-12.677193338735444
-12.718574695288238
-12.758695365113608
-12.798850525791362
-12.861864542917827
-12.915830278521039
-12.974617619977009
-13.037091695238797
-13.09639685680835
-13.151403784169112
-13.199762869711725
-13.242954170551805
-13.283310887600356
-13.322473118713996
-13.360408418748694
-13.397652271363171
-13.434920238722054
-13.472344480771998
-13.512809521175896
-13.553859292142672
-13.594544559293414
-13.634645771571057
-13.670339659659604
-13.683771422030881
-13.705587901737186
-13.725481903098954
-13.750267555096103
-13.78307979674482
-13.82144714718192
-13.865286737491989
-13.91306700386678
-13.96065714836644
-14.005743349176297
-14.04809897206343
-14.089200264290934
-14.131082052620464
-14.173605837861519
-14.216738473473644
-14.259548654425435
-14.300971576857762
-14.34109334629005
-14.389881635399043
-14.445297177984877
-14.49575989509038
-14.552409423205756
-14.612871859465333
-14.671064342810338
-14.72457462520401
-14.770676238545246
-14.811203694055223
-14.848551042859286
-14.884376874808511
-14.918682710542008
-14.952224437440373
-14.98561419238454
-15.019603538529358
-15.057924770238106
-15.096777583655491
-15.136558727019164
-15.176275959498142
-15.21247719443593
-15.22322651702317
-15.239939738962306
-15.25495832247034
-15.274745396156192
-15.302626258212655
-15.33625918857707
-15.375012603524986
-15.417615120726019
-15.459995490828248
-15.500153460408265
-15.537825569644633
-15.574443813852675
-15.611934423639584
-15.650116155446176
-15.688758246475592
-15.727005499289863
-15.763597152445037
-15.7985618019143
-15.832726832290245
-15.884205894658953
-15.92493640381976
-15.969227739979091
-16.015958678906966
-16.058238957770513
-16.094726424479216
-16.12282551857558
-16.144365192598492
-16.16211341736182
-16.17822773522055
-16.19288383695354
-16.20683820951225
-16.220943696384996
-16.23555886350571
-16.2544303802711
-16.2744787838253
-16.295587807371515
-16.31740308909685
-16.3377163028141
-16.337075900189276
-16.343154782995022
-16.346196912712358
-16.35334904511699
-16.368406165732964
-16.38917589661566
-16.41322732919017
-16.43999911569772
-16.46602996358315
-16.489107209521293
-16.508918702347323
-16.52702063511717
-16.545512746803734
-16.56441413746971
-16.58350308145427
-16.60195437330457
-16.6190947999433
-16.63489458780542
-16.652507706916452
-16.679070890365544
-16.703452581233474
-16.734751386767893
-16.77054538621667
-16.80447573514788
-16.834285910872623
-16.857161749529716
-16.874845807197605
-16.88973192426475
-16.903796749008706
-16.917341340466386
-16.931345800954674
-16.946453194534605
-16.963096702364457
-16.95849181358366
-16.953886924802863
-16.949282036022066
-16.944677147241272
-16.940072258460475
-16.935467369679678
-16.93086248089888
-16.926257592118088
-16.92165270333729
-16.917047814556494
-16.912442925775697
-16.907838036994903
-16.903233148214106
-16.89862825943331
-16.894023370652512
-16.88941848187172
-16.88481359309092
-16.880208704310125
-16.87560381552933
-16.870998926748534
-16.866394037967737
-16.86178914918694
-16.857184260406147
-16.85257937162535
-16.847974482844553
-16.843369594063756
-16.838764705282962
-16.834159816502165
-16.829554927721368
-16.82495003894057
-16.820345150159778
-16.81574026137898
-16.811135372598184
-16.806530483817387
-16.801925595036593
-16.797320706255796
-16.792715817475
-16.788110928694202
-16.78350603991341
-16.77890115113261
-16.774296262351815
-16.76969137357102
-16.765086484790224
-16.760481596009427
-16.75587670722863
-16.751271818447837
-16.74666692966704
-16.742062040886243
-16.737457152105446
-16.732852263324652
-16.728247374543855
-16.723642485763058
-16.71903759698226
-16.714432708201468
-16.70982781942067
-16.705222930639874
-16.700618041859077
-16.696013153078283
-16.691408264297486
-16.68680337551669
-16.682198486735892
-16.6775935979551
-16.6729887091743
-16.668383820393505
-16.66377893161271
-16.659174042831914
-16.654569154051117
-16.64996426527032
-16.645359376489527
-16.64075448770873
-16.636149598927933
-16.631544710147136
-16.626939821366342
-16.622334932585545
-16.617730043804748
